log_id	user_id	restaurant_id	viewed_idx	day_no	avg_order_num	rst_order_price	click_rate	buy_rate	activity_cut_rate	brand_prefer_click	brand_prefer_order	cat_prefer_click	cat_prefer_order	click_num	deliver_rate_click	deliver_rate_order	hongbao_cut_rate	last_click_day	last_order_day	order_num	usr_order_price	shop_prefer_click	shop_prefer_order	order_price_rel	open_month_num	primary_category_cat	agent_fee	is_premium	good_rating_rate	has_image	has_food_img	min_deliver_amount	is_time_ensure	is_ka	is_time_ensure_discount	is_eleme_deliver	brand_name_cat	service_rating	public_degree	food_num	food_image_num	is_promotion_info	time_cat_rel	netword_type_cat	platform_cat	brand_cat	network_operator_cat	channel_cat	is_click	is_buy
0000843f-b23d-4be7-8236-6b59bd1f0e6e	7a61180a588364ac2962d05247da000c	b6c2ff2e7a1d181eec7a05ab9adc5218	15	150	15.644444444444444	32.89962121212121	0.0532202641783046	0.013316099744648655	0.0	0.0	0.0	1.0	0.0	1.0	0.0	0.0	0.0	24.0	0.0	0.0	0.0	0.0	0.0	32.89962121212121	10	盖浇饭	0.0	1	0.94	0	1	0.0	0	1	0	0	furongxiang	4.9	4.0	97	75	1	0.821719816966	WIFI	iOS	apple	dx	app store	1	0
0000ef58-aaab-46a2-b31e-f9b6efb1df61	94de02fa5932bee73dc90022f7180911	26fa0b005d0d3fb742cd3daa7ddc6da3	1	146	24.05185185185185	38.25962426855559	0.059132708613007186	0.014198321738255885	0.0	1.0	0.0	1.0	0.0	1.0	1.0	0.0	0.0	2.0	0.0	0.0	0.0	1.0	0.0	38.25962426855559	9	盖浇饭	7.0	1	0.95	0	1	20.0	0	1	1	0	laoniangjiu	4.91	4.0	22	24	1	0.381832731276	WIFI	iOS	apple	OTHER	app store	0	0
00011f5a-776a-46f7-8257-f347cbc453cc	bf5141850faf89b9442a828c95723848	b6ccfa8e9f04509f8b3670a4e95c3c8f	28	142	32.86666666666667	33.61888663511382	0.04417137559492174	0.010574532940254008	0.06382978723404255	1.0	1.0	0.0	0.0	2.0	1.0	1.0	0.02127659574468085	8.0	8.0	1.0	42.0	0.0	0.0	-8.381113364886183	49	盖浇饭	5.0	0	0.93	0	1	20.0	0	0	1	1	non-brand	4.92	4.0	105	18	1	0.821719816966	4G	iOS	apple	yd	app store	0	0
0003c9e4-6174-4ab3-96f9-549fc71d781e	9b0ad94effb8934f05ce77f231123ddc	594c44160a08a93379087aba4bcdae0c	18	152	1.962962962962963	39.88301886792453	0.038142914100917025	0.003913229669664348	0.0	0.9545454545454546	0.0	0.0	0.0	22.0	0.9090909090909091	0.0	0.0	0.0	0.0	0.0	0.0	0.0	0.0	39.88301886792453	28	甜品	0.0	0	0.96	0	1	30.0	0	0	1	1	non-brand	4.96	4.0	76	70	1	0.788216653311	WIFI	iOS	apple	dx	app store	0	0
0003ed88-d399-4de2-9b03-41c23263a189	6ad787c8ff3819a1a7cb4670bf17c5d7	594c44160a08a93379087aba4bcdae0c	21	146	1.962962962962963	39.88301886792453	0.038142914100917025	0.003913229669664348	0.0	0.0	0.0	0.0	0.0	0.0	0.0	0.0	0.0	0.0	0.0	0.0	0.0	0.0	0.0	39.88301886792453	28	甜品	0.0	0	0.96	0	1	30.0	0	0	1	1	non-brand	4.96	4.0	76	70	1	0.788216653311	WIFI	iOS	apple	dx	app store	0	0
00046aed-6e2e-4e2e-96f2-884c86262d90	90c355ed295ac13adf21d2b589831b46	156d2cd00d0d8cf6f27e1359de272630	33	149	1.288888888888889	44.39080459770115	0.0731244064577398	0.004590060145615701	0.0	0.0	0.0	0.0	0.0	0.0	0.0	0.0	0.0	0.0	0.0	0.0	0.0	0.0	0.0	44.39080459770115	-4	西餐	5.0	0	0.95	0	0	20.0	0	0	0	1	non-brand	4.93	4.0	28	29	1	0.810930501931	WIFI	Android	vivo	dx	vivo	0	0
00060eee-ea53-4cee-a023-66fecf359a62	ff35f970d235ba210bb18fb92cf0200a	ae0bdc53bade648957985b5e341f3d8a	3	141	0.08148148148148149	47.0	0.0348091445122582	5.689458984172959E-4	0.0	0.0	0.0	0.0	0.0	0.0	0.0	0.0	0.0	0.0	0.0	0.0	0.0	0.0	0.0	47.0	9	面包	5.0	0	1.0	0	1	20.0	0	1	1	1	non-brand	4.94	4.0	62	65	0	0.595027021902	UNKNOWN	iOS	apple	yd	app store	1	0
0006c689-d245-4ce7-9c1f-d29e396f28bb	e8f7d8fe8f1950469332717fb87bf368	b6c2ff2e7a1d181eec7a05ab9adc5218	1	145	15.644444444444444	32.89962121212121	0.0532202641783046	0.013316099744648655	0.0	0.0	0.0	0.0	0.0	0.0	0.0	0.0	0.0	0.0	0.0	0.0	0.0	0.0	0.0	32.89962121212121	10	盖浇饭	0.0	1	0.94	0	1	0.0	0	1	0	0	furongxiang	4.9	4.0	97	75	1	0.309655926955	WIFI	iOS	apple	dx	app store	0	0
0008590d-eb1f-4d2d-953c-d0caa6bcd466	b847263ba98ad7e6b44f8908b6251cad	156d2cd00d0d8cf6f27e1359de272630	28	153	1.288888888888889	44.39080459770115	0.0731244064577398	0.004590060145615701	0.0	0.5	0.0	0.0	0.0	2.0	0.5	0.0	0.0	1.0	0.0	0.0	0.0	0.0	0.0	44.39080459770115	-4	西餐	5.0	0	0.95	0	0	20.0	0	0	0	1	non-brand	4.93	4.0	28	29	1	0.455378419895	WIFI	iOS	apple	lt	app store	0	0
0009f442-0ce9-47c0-ba3c-55822076701d	ab9bb024aee4501022310bc931dce3b8	4717862de65cc6500ebdb7eca3ced2d4	18	148	0.0	0.0	0.0	0.0	0.0	0.0	0.0	0.0	0.0	0.0	0.0	0.0	0.0	0.0	0.0	0.0	0.0	0.0	0.0	0.0	-5	川湘菜	5.0	0	0.67	0	0	20.0	0	0	0	1	non-brand	4.33	0.0	63	62	0	0.375905728015	WIFI	iOS	apple	dx	app store	1	0
0009fdbc-e975-4c26-93c7-e98ff637b13a	33bd9dc0ba2a88f3fa29e8ea0bb9a6ac	6af314146c82a2e70445bdb9325a2928	2	142	0.3333333333333333	36.68888888888889	0.042801659224814395	0.0011889349784670665	0.0	1.0	0.0	0.0	0.0	1.0	1.0	0.0	0.0	70.0	0.0	0.0	0.0	0.0	0.0	36.68888888888889	-3	奶茶果汁	0.0	0	0.94	0	0	25.0	0	0	0	0	non-brand	4.89	3.0	202	192	1	0.118413055913	UNKNOWN	iOS	apple	dx	app store	0	0
000a1270-9193-4e09-8078-6462cca55168	0c5ce771cc95436b11d92b1e48429826	26fa0b005d0d3fb742cd3daa7ddc6da3	2	146	24.05185185185185	38.25962426855559	0.059132708613007186	0.014198321738255885	0.23513513513513515	0.3333333333333333	0.5	0.6666666666666666	0.5	3.0	1.0	1.0	0.027799227799227798	12.0	12.0	2.0	28.5	0.3333333333333333	0.5	9.75962426855559	9	盖浇饭	7.0	1	0.95	0	1	20.0	0	1	1	0	laoniangjiu	4.91	4.0	22	24	1	0.821719816966	WIFI	iOS	apple	lt	app store	1	0
000af3f1-601b-4e6a-aa41-37e06052c937	c957eee03a63d4411b722f43f78e5621	4717862de65cc6500ebdb7eca3ced2d4	12	143	0.0	0.0	0.0	0.0	0.0	0.9090909090909091	0.0	0.0	0.0	11.0	0.6363636363636364	0.0	0.0	5.0	0.0	0.0	0.0	0.0	0.0	0.0	-5	川湘菜	5.0	0	0.67	0	0	20.0	0	0	0	1	non-brand	4.33	0.0	63	62	0	0.375905728015	WIFI	iOS	apple	dx	app store	0	0
000b36f6-01fb-4930-bb3d-e3aa3f9f4bae	fc2d70451fbf44ad4db3c3713786c717	acf844634d7ee6bd1955b41cf42c7ec4	37	142	0.4148148148148148	48.05357142857143	0.028560181945416374	0.00244926522043387	0.0	0.0	0.0	0.0	0.0	1.0	1.0	0.0	0.0	36.0	0.0	0.0	0.0	0.0	0.0	48.05357142857143	2	鸭脖卤味	5.0	0	0.98	0	1	20.0	0	0	1	1	non-brand	4.99	0.0	40	40	1	0.667435284747	WIFI	iOS	apple	dx	app store	0	0
000b3f3d-79fb-4dc7-ae64-b057e0cf49bd	8ef8c392c0043e598a7f62a4e0fc0ed7	b6ccfa8e9f04509f8b3670a4e95c3c8f	13	147	32.86666666666667	33.61888663511382	0.04417137559492174	0.010574532940254008	0.0	1.0	0.0	0.0	0.0	2.0	1.0	0.0	0.0	6.0	0.0	0.0	0.0	0.0	0.0	33.61888663511382	49	盖浇饭	5.0	0	0.93	0	1	20.0	0	0	1	1	non-brand	4.92	4.0	105	18	1	0.821719816966	WIFI	iOS	apple	dx	app store	0	0
000bf6eb-ac5a-41c7-9a33-b1384342ac2a	1e09fab264f07790374f623577472325	156d2cd00d0d8cf6f27e1359de272630	30	154	1.288888888888889	44.39080459770115	0.0731244064577398	0.004590060145615701	0.0	0.0	0.0	0.0	0.0	0.0	0.0	0.0	0.0	0.0	0.0	0.0	0.0	0.0	0.0	44.39080459770115	-4	西餐	5.0	0	0.95	0	0	20.0	0	0	0	1	non-brand	4.93	4.0	28	29	1	0.810930501931	WIFI	Android	HUAWEI	dx	huawei	0	0
000c90b2-acdd-44ec-b3f1-3d92d15c8007	984ea797d71a3db9c683a859e0e1ad2c	b6ccfa8e9f04509f8b3670a4e95c3c8f	11	148	32.86666666666667	33.61888663511382	0.04417137559492174	0.010574532940254008	0.0	0.5	0.0	1.0	0.0	4.0	0.5	0.0	0.0	19.0	0.0	0.0	0.0	0.5	0.0	33.61888663511382	49	盖浇饭	5.0	0	0.93	0	1	20.0	0	0	1	1	non-brand	4.92	4.0	105	18	1	0.309655926955	4G	iOS	apple	yd	app store	0	0
000d1bf2-d316-4419-bdab-29cb37fa1dfb	8f94f9cbf150d0f4a1f5d2bc912bbdf8	386d1c85556bbfb4a89a4d412387d21b	23	151	5.074074074074074	24.99124087591241	0.023256054700642348	0.003545603710202539	0.0	1.0	0.0	0.0	0.0	5.0	0.2	0.0	0.0	51.0	0.0	0.0	0.0	0.0	0.0	24.99124087591241	4	麻辣烫	5.0	0	0.96	0	1	20.0	0	0	1	1	non-brand	4.91	3.0	135	51	1	0.119428546937	WIFI	iOS	apple	dx	app store	1	1
000d3c28-52fd-46b7-ab01-c9003cebade9	01560fff5993e5572c530da132cdd94e	395c071a54c8f7a8d3654e81c9545ca7	32	141	0.5777777777777777	33.705128205128204	0.06444270308593604	0.0029105563640434346	0.0	1.0	0.0	0.16666666666666666	0.0	6.0	0.6666666666666666	0.0	0.0	3.0	0.0	0.0	0.0	0.0	0.0	33.705128205128204	-3	盖浇饭	5.0	0	0.87	0	0	20.0	0	0	0	1	non-brand	4.78	3.0	65	66	0	0.821719816966	WIFI	iOS	apple	dx	app store	0	0
000e61b9-33b1-4c18-afa0-72839a3d89b2	6985a8aaf38f732ad0cf94efd7a3c70c	b6c2ff2e7a1d181eec7a05ab9adc5218	17	150	15.644444444444444	32.89962121212121	0.0532202641783046	0.013316099744648655	0.0	0.0	0.0	0.0	0.0	1.0	1.0	0.0	0.0	4.0	0.0	0.0	0.0	0.0	0.0	32.89962121212121	10	盖浇饭	0.0	1	0.94	0	1	0.0	0	1	0	0	furongxiang	4.9	4.0	97	75	1	0.309655926955	UNKNOWN	iOS	OTHER	OTHER	app store	0	0
000fe5aa-b9fe-41ff-a720-ce7886878ec8	bce28fa6613a1f0f48287240707dd433	b6ccfa8e9f04509f8b3670a4e95c3c8f	21	148	32.86666666666667	33.61888663511382	0.04417137559492174	0.010574532940254008	0.0	1.0	0.0	0.0	0.0	4.0	0.5	0.0	0.0	9.0	0.0	0.0	0.0	0.0	0.0	33.61888663511382	49	盖浇饭	5.0	0	0.93	0	1	20.0	0	0	1	1	non-brand	4.92	4.0	105	18	1	0.309655926955	WIFI	iOS	apple	dx	app store	0	0
0010cde6-124b-4c52-b3ca-2e9d4e875d1b	2d1faffb73867a6dab2c315653950e7e	108db6143b1058c90078023a58c68bc8	14	143	22.674074074074074	33.347598823913756	0.06829713153101863	0.008067980843487497	0.0	1.0	0.0	1.0	0.0	1.0	0.0	0.0	0.0	58.0	0.0	0.0	0.0	1.0	0.0	33.347598823913756	15	盖浇饭	0.0	0	0.91	0	1	0.0	0	1	1	0	non-brand	4.91	2.0	103	92	1	0.381832731276	4G	iOS	apple	yd	app store	0	0
001312c0-a34a-4839-9386-39377a9b1927	cc091e3026f22ec886efe88ff820ef8e	b6ccfa8e9f04509f8b3670a4e95c3c8f	5	144	32.86666666666667	33.61888663511382	0.04417137559492174	0.010574532940254008	0.225	0.5	0.0	0.6666666666666666	1.0	12.0	0.4166666666666667	0.0	0.025	2.0	2.0	1.0	31.0	0.16666666666666666	0.0	2.6188866351138174	49	盖浇饭	5.0	0	0.93	0	1	20.0	0	0	1	1	non-brand	4.92	4.0	105	18	1	0.381832731276	UNKNOWN	iOS	apple	yd	app store	1	0
0013d342-edea-4929-aff6-74cd9df6f0fa	efdc2707f4452d7b6458d9fb06af97d2	26fa0b005d0d3fb742cd3daa7ddc6da3	10	150	24.05185185185185	38.25962426855559	0.059132708613007186	0.014198321738255885	0.0	0.0	0.0	0.75	0.0	4.0	0.25	0.0	0.0	4.0	0.0	0.0	0.0	0.0	0.0	38.25962426855559	9	盖浇饭	7.0	1	0.95	0	1	20.0	0	1	1	0	laoniangjiu	4.91	4.0	22	24	1	0.821719816966	4G	Android	OPPO	dx	oppo	1	0
0014bce8-acf7-49e0-8a5c-4642508223f8	5a877f2d025b07c6c1d52f68f6041fac	26fa0b005d0d3fb742cd3daa7ddc6da3	1	145	24.05185185185185	38.25962426855559	0.059132708613007186	0.014198321738255885	0.0	0.4	0.0	0.4	0.0	5.0	0.6	0.0	0.0	26.0	0.0	0.0	0.0	0.4	0.0	38.25962426855559	9	盖浇饭	7.0	1	0.95	0	1	20.0	0	1	1	0	laoniangjiu	4.91	4.0	22	24	1	0.821719816966	4G	Android	Xiaomi	yd	xiaomi	0	0
0014f12e-bab5-45ec-9175-d97152e7f4ab	c1e5836be100cb09b41d562ba316ae19	6af314146c82a2e70445bdb9325a2928	28	147	0.3333333333333333	36.68888888888889	0.042801659224814395	0.0011889349784670665	0.13600445448271534	0.6875	0.8	0.0	0.0	16.0	0.75	0.8	0.011664653784219001	12.0	12.0	5.0	58.0	0.0	0.0	-21.31111111111111	-3	奶茶果汁	0.0	0	0.94	0	0	25.0	0	0	0	0	non-brand	4.89	3.0	202	192	1	0.861112565564	WIFI	iOS	apple	dx	app store	1	1
00162bc2-af15-4b43-91e4-dc90e69fb86d	9a38439339141e4f1cce885d77a486d4	108db6143b1058c90078023a58c68bc8	9	143	22.674074074074074	33.347598823913756	0.06829713153101863	0.008067980843487497	0.0	0.0	0.0	1.0	0.0	2.0	1.0	0.0	0.0	67.0	0.0	0.0	0.0	0.0	0.0	33.347598823913756	15	盖浇饭	0.0	0	0.91	0	1	0.0	0	1	1	0	non-brand	4.91	2.0	103	92	1	0.133268272343	4G	iOS	apple	yd	app store	0	0
00178499-c772-4492-9a49-15d704a65311	cbfb39fa8dc38afd15318e748a4d460a	26fa0b005d0d3fb742cd3daa7ddc6da3	10	141	24.05185185185185	38.25962426855559	0.059132708613007186	0.014198321738255885	0.0	0.0	0.0	0.2	0.0	10.0	0.9	0.0	0.0	2.0	0.0	0.0	0.0	0.0	0.0	38.25962426855559	9	盖浇饭	7.0	1	0.95	0	1	20.0	0	1	1	0	laoniangjiu	4.91	4.0	22	24	1	0.821719816966	WIFI	iOS	apple	dx	app store	0	0
00182340-e5f6-4980-9074-11bbe41026c1	a1b520bb4e0dec6559c3e821b1008d91	386d1c85556bbfb4a89a4d412387d21b	13	152	5.074074074074074	24.99124087591241	0.023256054700642348	0.003545603710202539	0.0	1.0	0.0	0.5	0.0	2.0	0.5	0.0	0.0	16.0	0.0	0.0	0.0	0.0	0.0	24.99124087591241	4	麻辣烫	5.0	0	0.96	0	1	20.0	0	0	1	1	non-brand	4.91	3.0	135	51	1	0.0127797080099	WIFI	iOS	apple	lt	app store	0	0
001862e3-4549-4bf1-9360-5e6565ed78d5	34c82795c83515b45ee36fbbc6415699	b6ccfa8e9f04509f8b3670a4e95c3c8f	16	153	32.86666666666667	33.61888663511382	0.04417137559492174	0.010574532940254008	0.42048001156654374	1.0	1.0	1.0	1.0	5.0	1.0	1.0	0.03593460083375503	2.0	2.0	4.0	22.25	1.0	1.0	11.368886635113817	49	盖浇饭	5.0	0	0.93	0	1	20.0	0	0	1	1	non-brand	4.92	4.0	105	18	1	0.309655926955	WIFI	iOS	apple	dx	app store	0	0
0018a13c-e366-4420-80ff-e7302788584a	db8976bd1bb8f1cdc0c6b42b5afceba0	108db6143b1058c90078023a58c68bc8	9	152	22.674074074074074	33.347598823913756	0.06829713153101863	0.008067980843487497	0.0	0.0	0.0	0.0	0.0	0.0	0.0	0.0	0.0	0.0	0.0	0.0	0.0	0.0	0.0	33.347598823913756	15	盖浇饭	0.0	0	0.91	0	1	0.0	0	1	1	0	non-brand	4.91	2.0	103	92	1	0.0513287109204	4G	Android	Honor	dx	huawei	0	0
0018f778-fdaa-480e-a02a-86e4ebb317b1	63dff1adf88b3543248a2b611bcd757d	26fa0b005d0d3fb742cd3daa7ddc6da3	1	148	24.05185185185185	38.25962426855559	0.059132708613007186	0.014198321738255885	0.0	0.5	0.0	0.6666666666666666	0.0	6.0	1.0	0.0	0.0	6.0	0.0	0.0	0.0	0.5	0.0	38.25962426855559	9	盖浇饭	7.0	1	0.95	0	1	20.0	0	1	1	0	laoniangjiu	4.91	4.0	22	24	1	0.309655926955	WIFI	iOS	apple	dx	app store	1	1
00192723-7385-461f-8100-a0cd1e9072bb	1087f719de997deb9ca07e5effbcf0a7	156d2cd00d0d8cf6f27e1359de272630	32	147	1.288888888888889	44.39080459770115	0.0731244064577398	0.004590060145615701	0.2	0.7333333333333333	1.0	0.2	0.0	15.0	0.9333333333333333	1.0	0.03333333333333333	6.0	31.0	1.0	27.0	0.2	0.0	17.39080459770115	-4	西餐	5.0	0	0.95	0	0	20.0	0	0	0	1	non-brand	4.93	4.0	28	29	1	0.810930501931	WIFI	Android	Meizu	dx	weixin_share_hongbao	0	0
00196917-9090-485d-b6e2-c05c2270be4c	7a3bc35d1763dfe65dd121857b706749	156d2cd00d0d8cf6f27e1359de272630	21	154	1.288888888888889	44.39080459770115	0.0731244064577398	0.004590060145615701	0.0	0.0	0.0	0.0	0.0	0.0	0.0	0.0	0.0	0.0	0.0	0.0	0.0	0.0	0.0	44.39080459770115	-4	西餐	5.0	0	0.95	0	0	20.0	0	0	0	1	non-brand	4.93	4.0	28	29	1	0.455378419895	3G	Android	OPPO	yd	oppo	0	0
001a090a-4934-4c92-9d5f-e460f29d548c	15aab5263b7927aa27ae917552c94c5b	31644189df84978b4cfe5ff6c689dd71	8	154	0.4148148148148148	40.232142857142854	0.03841801179343618	0.0033355173029960094	0.0	0.0	0.0	0.0	0.0	0.0	0.0	0.0	0.0	0.0	0.0	0.0	0.0	0.0	0.0	40.232142857142854	5	奶茶果汁	5.0	0	0.98	1	1	20.0	0	1	1	1	non-brand	4.98	4.0	136	131	1	0.861112565564	WIFI	iOS	apple	dx	app store	0	0
001ac493-375c-4c3a-b1ea-49253211373c	8fbef5bc7f24eee093bf927ccc4a340a	b6ccfa8e9f04509f8b3670a4e95c3c8f	11	141	32.86666666666667	33.61888663511382	0.04417137559492174	0.010574532940254008	0.33035714285714285	0.5	0.5	1.0	1.0	4.0	0.5	0.5	0.026785714285714288	9.0	70.0	2.0	25.0	0.0	0.0	8.618886635113817	49	盖浇饭	5.0	0	0.93	0	1	20.0	0	0	1	1	non-brand	4.92	4.0	105	18	1	0.821719816966	WIFI	iOS	apple	dx	app store	1	0
001af654-821d-43d8-8c23-17f52553af79	2a8eac9ce0052a72cfb45b0ec8c256b2	b6ccfa8e9f04509f8b3670a4e95c3c8f	31	154	32.86666666666667	33.61888663511382	0.04417137559492174	0.010574532940254008	0.0	0.9090909090909091	0.0	0.5454545454545454	0.0	11.0	0.5454545454545454	0.0	0.0	16.0	0.0	0.0	0.0	0.09090909090909091	0.0	33.61888663511382	49	盖浇饭	5.0	0	0.93	0	1	20.0	0	0	1	1	non-brand	4.92	4.0	105	18	1	0.821719816966	WIFI	iOS	apple	dx	app store	1	1
001c7900-3023-4c3d-a765-905b9f196fa0	b245a184211957c7783302ac7fff0f54	b6c2ff2e7a1d181eec7a05ab9adc5218	35	148	15.644444444444444	32.89962121212121	0.0532202641783046	0.013316099744648655	0.0	0.0	0.0	0.6875	0.0	16.0	0.625	0.0	0.0	1.0	0.0	0.0	0.0	0.0	0.0	32.89962121212121	10	盖浇饭	0.0	1	0.94	0	1	0.0	0	1	0	0	furongxiang	4.9	4.0	97	75	1	0.133268272343	UNKNOWN	iOS	apple	dx	app store	1	0
001f7751-bb1f-4269-9281-11d358857c18	fe86de51eb212506130b231244d137be	b6ccfa8e9f04509f8b3670a4e95c3c8f	11	153	32.86666666666667	33.61888663511382	0.04417137559492174	0.010574532940254008	0.0	1.0	0.0	0.0	0.0	1.0	1.0	0.0	0.0	4.0	0.0	0.0	0.0	0.0	0.0	33.61888663511382	49	盖浇饭	5.0	0	0.93	0	1	20.0	0	0	1	1	non-brand	4.92	4.0	105	18	1	0.0513287109204	WIFI	iOS	apple	dx	app store	0	0
00212004-15ff-4fad-b325-715a6c9b213d	37fe75822c479921a4e209eac7439400	8ea8caadc5bc7cc8b1a041a886edf2fe	40	150	0.0962962962962963	75.61538461538461	0.038807247824225996	9.273790840348124E-4	0.0	0.0	0.0	0.0	0.0	0.0	0.0	0.0	0.0	0.0	0.0	0.0	0.0	0.0	0.0	75.61538461538461	-1	超市	5.0	0	0.99	0	1	0.0	0	0	0	0	non-brand	4.98	4.0	2178	2203	1	0.0744870170284	4G	iOS	apple	yd	app store	0	0
0021272f-5574-4651-b724-398c3d1a689f	3846c1e99d394fed04828ca88b027cdd	b6c2ff2e7a1d181eec7a05ab9adc5218	22	154	15.644444444444444	32.89962121212121	0.0532202641783046	0.013316099744648655	0.0	0.25	0.0	0.75	0.0	4.0	0.75	0.0	0.0	2.0	0.0	0.0	0.0	0.25	0.0	32.89962121212121	10	盖浇饭	0.0	1	0.94	0	1	0.0	0	1	0	0	furongxiang	4.9	4.0	97	75	1	0.381832731276	WIFI	iOS	apple	dx	app store	1	1
00220c3c-c622-4914-9b40-a55ed4f58f0a	cb5308d620524d777dd5f5fe8c27bbef	b6c2ff2e7a1d181eec7a05ab9adc5218	48	145	15.644444444444444	32.89962121212121	0.0532202641783046	0.013316099744648655	0.5	0.0	0.0	0.4	1.0	5.0	0.8	0.0	0.0	0.0	28.0	1.0	16.0	0.0	0.0	16.89962121212121	10	盖浇饭	0.0	1	0.94	0	1	0.0	0	1	0	0	furongxiang	4.9	4.0	97	75	1	0.0513287109204	4G	iOS	apple	yd	app store	0	0
00234bc3-6ffc-4a63-bdcb-041116fe2e5c	19bb821ceacbf24917db34b226d6d5f1	26fa0b005d0d3fb742cd3daa7ddc6da3	1	148	24.05185185185185	38.25962426855559	0.059132708613007186	0.014198321738255885	0.0	0.0	0.0	0.0	0.0	0.0	0.0	0.0	0.0	0.0	0.0	0.0	0.0	0.0	0.0	38.25962426855559	9	盖浇饭	7.0	1	0.95	0	1	20.0	0	1	1	0	laoniangjiu	4.91	4.0	22	24	1	0.309655926955	4G	iOS	apple	yd	app store	0	0
002440f8-4157-4975-8adb-d1ac843a297c	12bd845139205c952d18229a771c258c	156d2cd00d0d8cf6f27e1359de272630	1	146	1.288888888888889	44.39080459770115	0.0731244064577398	0.004590060145615701	0.14414710948728918	1.0	1.0	1.0	1.0	3.0	1.0	1.0	0.054642155733298226	9.0	9.0	3.0	44.0	1.0	1.0	0.3908045977011483	-4	西餐	5.0	0	0.95	0	0	20.0	0	0	0	1	non-brand	4.93	4.0	28	29	1	0.0876912626913	4G	iOS	apple	yd	app store	1	0
00245e6b-95d4-4fce-bddb-7d216338d503	d670450f4087b73c6b7d96d11fb627e7	b6ccfa8e9f04509f8b3670a4e95c3c8f	15	153	32.86666666666667	33.61888663511382	0.04417137559492174	0.010574532940254008	0.0	0.0	0.0	0.0	0.0	0.0	0.0	0.0	0.0	0.0	0.0	0.0	0.0	0.0	0.0	33.61888663511382	49	盖浇饭	5.0	0	0.93	0	1	20.0	0	0	1	1	non-brand	4.92	4.0	105	18	1	0.821719816966	WIFI	iOS	apple	dx	app store	0	0
002531ac-0578-4ae6-a9bb-354676421a1f	1538c87b87951fb677557a50707fcfb0	156d2cd00d0d8cf6f27e1359de272630	33	145	1.288888888888889	44.39080459770115	0.0731244064577398	0.004590060145615701	0.2857142857142857	0.3333333333333333	0.0	0.0	0.0	3.0	1.0	1.0	0.02857142857142857	0.0	0.0	1.0	29.0	0.0	0.0	15.390804597701148	-4	西餐	5.0	0	0.95	0	0	20.0	0	0	0	1	non-brand	4.93	4.0	28	29	1	0.369091211027	3G	iOS	apple	lt	app store	1	0
0025ef84-392b-48fd-9fb8-f8c5553c97ad	66eee5488e50b39f4240d6a9031dd787	156d2cd00d0d8cf6f27e1359de272630	21	145	1.288888888888889	44.39080459770115	0.0731244064577398	0.004590060145615701	0.0	0.0	0.0	0.0	0.0	0.0	0.0	0.0	0.0	0.0	0.0	0.0	0.0	0.0	0.0	44.39080459770115	-4	西餐	5.0	0	0.95	0	0	20.0	0	0	0	1	non-brand	4.93	4.0	28	29	1	0.455378419895	4G	iOS	apple	yd	app store	0	0
00268bff-a6d3-470f-b6c3-51129549eeea	66115786724e520b11a6afd629f3d552	156d2cd00d0d8cf6f27e1359de272630	30	147	1.288888888888889	44.39080459770115	0.0731244064577398	0.004590060145615701	0.0	0.0	0.0	0.0	0.0	0.0	0.0	0.0	0.0	0.0	0.0	0.0	0.0	0.0	0.0	44.39080459770115	-4	西餐	5.0	0	0.95	0	0	20.0	0	0	0	1	non-brand	4.93	4.0	28	29	1	0.810930501931	WIFI	iOS	apple	lt	app store	0	0
0026e64f-87f2-4696-b1cf-613bcb1fb3f1	6c9109a1a936e60ade4ed661d99a9195	395c071a54c8f7a8d3654e81c9545ca7	1	141	0.5777777777777777	33.705128205128204	0.06444270308593604	0.0029105563640434346	0.5024671052631579	1.0	1.0	0.1111111111111111	0.0	9.0	0.3333333333333333	0.0	0.08388157894736842	14.0	34.0	2.0	19.5	0.0	0.0	14.205128205128204	-3	盖浇饭	5.0	0	0.87	0	0	20.0	0	0	0	1	non-brand	4.78	3.0	65	66	0	0.821719816966	WIFI	iOS	apple	dx	app store	1	1
00270b44-6ec6-4eda-9154-dd70d828fd8c	614c4c6b5d93097d8204ae0632c48b9d	b6c2ff2e7a1d181eec7a05ab9adc5218	23	151	15.644444444444444	32.89962121212121	0.0532202641783046	0.013316099744648655	0.0	0.0	0.0	0.0	0.0	0.0	0.0	0.0	0.0	0.0	0.0	0.0	0.0	0.0	0.0	32.89962121212121	10	盖浇饭	0.0	1	0.94	0	1	0.0	0	1	0	0	furongxiang	4.9	4.0	97	75	1	0.133268272343	WIFI	Android	vivo	dx	vivo	0	0
00279a7f-425c-4b9d-bc69-b00b8ed40b29	c1e5836be100cb09b41d562ba316ae19	108db6143b1058c90078023a58c68bc8	19	154	22.674074074074074	33.347598823913756	0.06829713153101863	0.008067980843487497	0.13600445448271534	0.6875	0.8	0.75	0.6	16.0	0.75	0.8	0.011664653784219001	12.0	12.0	5.0	58.0	0.1875	0.2	-24.652401176086244	15	盖浇饭	0.0	0	0.91	0	1	0.0	0	1	1	0	non-brand	4.91	2.0	103	92	1	0.133268272343	WIFI	iOS	apple	dx	app store	1	1
0027b264-4570-4d72-9f8a-d11715b564b6	e6a981d245efc6187bfba0e271675e65	386d1c85556bbfb4a89a4d412387d21b	21	141	5.074074074074074	24.99124087591241	0.023256054700642348	0.003545603710202539	0.3050847457627119	0.88	0.0	0.0	0.0	25.0	0.68	1.0	0.01694915254237288	0.0	29.0	1.0	42.0	0.0	0.0	-17.00875912408759	4	麻辣烫	5.0	0	0.96	0	1	20.0	0	0	1	1	non-brand	4.91	3.0	135	51	1	0.830341735906	WIFI	iOS	apple	dx	app store	0	0
0028f473-7f33-48c3-b341-b8f09b9903de	70825f56480ec39bbfba8b9c2f2f17be	26fa0b005d0d3fb742cd3daa7ddc6da3	21	150	24.05185185185185	38.25962426855559	0.059132708613007186	0.014198321738255885	0.0	0.0	0.0	0.0	0.0	0.0	0.0	0.0	0.0	0.0	0.0	0.0	0.0	0.0	0.0	38.25962426855559	9	盖浇饭	7.0	1	0.95	0	1	20.0	0	1	1	0	laoniangjiu	4.91	4.0	22	24	1	0.0513287109204	UNKNOWN	iOS	apple	yd	app store	0	0
002922a8-c207-4694-a7c0-d343d5c687bd	9b39405df3c724d704227494c22f76b1	e93f9772d824878dce85a96a30501e46	6	144	0.2962962962962963	51.85	0.04010122639672961	0.003893322951138797	0.0	1.0	0.0	0.0	0.0	1.0	1.0	0.0	0.0	46.0	0.0	0.0	0.0	0.0	0.0	51.85	-4	其他菜系	0.0	0	0.97	0	0	25.0	0	0	0	0	non-brand	4.83	3.0	179	189	0	0.00886917960089	4G	Android	Coolpad	yd	wandoujia	0	0
0029b574-3287-4b2e-994e-dbaed6febf63	14fed4f819f23784a12b60c2d4e2aa73	386d1c85556bbfb4a89a4d412387d21b	32	147	5.074074074074074	24.99124087591241	0.023256054700642348	0.003545603710202539	0.0	0.0	0.0	0.0	0.0	0.0	0.0	0.0	0.0	0.0	0.0	0.0	0.0	0.0	0.0	24.99124087591241	4	麻辣烫	5.0	0	0.96	0	1	20.0	0	0	1	1	non-brand	4.91	3.0	135	51	1	0.242419908831	WIFI	iOS	apple	OTHER	app store	1	0
002a3381-d728-4b1f-a643-a8a120cb0345	f1dadef2691351d328a8af240df905ee	e93f9772d824878dce85a96a30501e46	41	143	0.2962962962962963	51.85	0.04010122639672961	0.003893322951138797	0.0	1.0	0.0	0.0	0.0	2.0	1.0	0.0	0.0	5.0	0.0	0.0	0.0	0.0	0.0	51.85	-4	其他菜系	0.0	0	0.97	0	0	25.0	0	0	0	0	non-brand	4.83	3.0	179	189	0	0.00886917960089	WIFI	iOS	apple	dx	app store	0	0
002a54b2-ba94-42f2-806f-3a4bccf45a75	e5e0b11f8c9129bee75c86c0764acc28	386d1c85556bbfb4a89a4d412387d21b	27	149	5.074074074074074	24.99124087591241	0.023256054700642348	0.003545603710202539	0.0	1.0	0.0	0.0	0.0	3.0	1.0	0.0	0.0	45.0	0.0	0.0	0.0	0.0	0.0	24.99124087591241	4	麻辣烫	5.0	0	0.96	0	1	20.0	0	0	1	1	non-brand	4.91	3.0	135	51	1	0.418635065282	WIFI	iOS	apple	dx	app store	1	0
002acb14-0168-4bcf-b48b-44b243954713	85ff578b940f6ba7b3ebbae0772b4620	2120518e4edf2fe6cc97025c789f7941	47	152	1.8814814814814815	24.688976377952756	0.021516008464018035	0.005023038740680681	0.30883322346736986	1.0	1.0	0.09090909090909091	0.0	11.0	0.6363636363636364	0.5	0.13546473302570863	1.0	1.0	2.0	28.0	0.0	0.0	-3.3110236220472444	8	麻辣烫	5.0	0	0.96	0	1	20.0	0	0	0	1	non-brand	4.95	4.0	153	139	1	0.0127797080099	WIFI	iOS	apple	dx	app store	0	0
002b1af4-c7fa-4418-8d94-d842b3a13274	8f57afeda369bc24b2d563d6605714fc	386d1c85556bbfb4a89a4d412387d21b	9	141	5.074074074074074	24.99124087591241	0.023256054700642348	0.003545603710202539	0.0	1.0	0.0	1.0	0.0	1.0	1.0	0.0	0.0	61.0	0.0	0.0	0.0	0.0	0.0	24.99124087591241	4	麻辣烫	5.0	0	0.96	0	1	20.0	0	0	1	1	non-brand	4.91	3.0	135	51	1	0.119428546937	WIFI	Android	vivo	yd	tengxun	0	0
002e867a-d846-4778-a8b3-99a942f243d8	3207da3496e04c56b743526de6156302	b6ccfa8e9f04509f8b3670a4e95c3c8f	21	148	32.86666666666667	33.61888663511382	0.04417137559492174	0.010574532940254008	0.0	0.8666666666666667	0.0	0.7333333333333333	0.0	15.0	0.7333333333333333	0.0	0.0	3.0	0.0	0.0	0.0	0.13333333333333333	0.0	33.61888663511382	49	盖浇饭	5.0	0	0.93	0	1	20.0	0	0	1	1	non-brand	4.92	4.0	105	18	1	0.0513287109204	WIFI	iOS	apple	dx	app store	0	0
002f6b0c-173f-4615-93a4-cab2701fac42	457ee3cd41423ededce206f2358f361b	b6c2ff2e7a1d181eec7a05ab9adc5218	28	153	15.644444444444444	32.89962121212121	0.0532202641783046	0.013316099744648655	0.21553998195657917	0.0	0.0	0.625	0.6666666666666666	8.0	1.0	1.0	0.009764943851572854	2.0	2.0	3.0	54.666666666666664	0.0	0.0	-21.767045454545453	10	盖浇饭	0.0	1	0.94	0	1	0.0	0	1	0	0	furongxiang	4.9	4.0	97	75	1	0.821719816966	4G	Android	samsung	lt	eleme	0	0
002f85fa-7c98-4bb5-bbdd-821f2c5afe26	a35136ed4152b66865cf40e70f546975	26fa0b005d0d3fb742cd3daa7ddc6da3	1	147	24.05185185185185	38.25962426855559	0.059132708613007186	0.014198321738255885	0.0	0.0	0.0	0.0	0.0	0.0	0.0	0.0	0.0	0.0	0.0	0.0	0.0	0.0	0.0	38.25962426855559	9	盖浇饭	7.0	1	0.95	0	1	20.0	0	1	1	0	laoniangjiu	4.91	4.0	22	24	1	0.309655926955	WIFI	Android	Huawei	dx	huawei	1	1
0031cdab-5897-4f94-83c5-72046832521c	2aa3253bd11901a4a9cf8196d094b5cf	395c071a54c8f7a8d3654e81c9545ca7	33	141	0.5777777777777777	33.705128205128204	0.06444270308593604	0.0029105563640434346	0.0	0.0	0.0	0.0	0.0	0.0	0.0	0.0	0.0	0.0	0.0	0.0	0.0	0.0	0.0	33.705128205128204	-3	盖浇饭	5.0	0	0.87	0	0	20.0	0	0	0	1	non-brand	4.78	3.0	65	66	0	0.821719816966	3G	iOS	apple	lt	app store	0	0
0031ec83-a8f1-422a-a5ef-759625814199	6b578496aae1a41620d35bc550e0fc87	156d2cd00d0d8cf6f27e1359de272630	41	148	1.288888888888889	44.39080459770115	0.0731244064577398	0.004590060145615701	0.0	0.0	0.0	0.0	0.0	0.0	0.0	0.0	0.0	0.0	0.0	0.0	0.0	0.0	0.0	44.39080459770115	-4	西餐	5.0	0	0.95	0	0	20.0	0	0	0	1	non-brand	4.93	4.0	28	29	1	0.211861659503	WIFI	iOS	apple	dx	app store	0	0
00325774-161f-4878-9897-4d8a016d8293	979aee85e88fa72089dba85fe0e9d35c	156d2cd00d0d8cf6f27e1359de272630	28	154	1.288888888888889	44.39080459770115	0.0731244064577398	0.004590060145615701	0.0	1.0	0.0	1.0	0.0	1.0	1.0	0.0	0.0	0.0	0.0	0.0	0.0	1.0	0.0	44.39080459770115	-4	西餐	5.0	0	0.95	0	0	20.0	0	0	0	1	non-brand	4.93	4.0	28	29	1	0.455378419895	WIFI	iOS	apple	dx	app store	0	0
0032c285-f5e5-440c-b47e-acd8b1816389	921ecf92b549875b3586f28b628483ec	b6c2ff2e7a1d181eec7a05ab9adc5218	41	141	15.644444444444444	32.89962121212121	0.0532202641783046	0.013316099744648655	0.0	0.0	0.0	1.0	0.0	1.0	1.0	0.0	0.0	21.0	0.0	0.0	0.0	0.0	0.0	32.89962121212121	10	盖浇饭	0.0	1	0.94	0	1	0.0	0	1	0	0	furongxiang	4.9	4.0	97	75	1	0.309655926955	WIFI	iOS	apple	dx	app store	1	0
0033080a-741c-44b5-bda8-19e2e419bff3	da4953b139f6822289a5232182eecdf6	b6c2ff2e7a1d181eec7a05ab9adc5218	27	154	15.644444444444444	32.89962121212121	0.0532202641783046	0.013316099744648655	0.150547256413066	0.03571428571428571	0.0	0.5357142857142857	0.75	28.0	0.8571428571428571	1.0	0.04161035830380949	9.0	16.0	4.0	54.0	0.03571428571428571	0.0	-21.10037878787879	10	盖浇饭	0.0	1	0.94	0	1	0.0	0	1	0	0	furongxiang	4.9	4.0	97	75	1	0.381832731276	WIFI	iOS	apple	dx	app store	0	0
00339151-9dbc-48ad-91bb-2768e5d93692	ff5b3221cc30efa5b78a76b6cdcfc79f	b6ccfa8e9f04509f8b3670a4e95c3c8f	16	154	32.86666666666667	33.61888663511382	0.04417137559492174	0.010574532940254008	0.0	0.0	0.0	0.0	0.0	0.0	0.0	0.0	0.0	0.0	0.0	0.0	0.0	0.0	0.0	33.61888663511382	49	盖浇饭	5.0	0	0.93	0	1	20.0	0	0	1	1	non-brand	4.92	4.0	105	18	1	0.821719816966	WIFI	iOS	apple	lt	app store	0	0
00340d2f-af78-40a7-a9a1-4d36aa099815	1305444909483215a82e817ba1db3f99	b6ccfa8e9f04509f8b3670a4e95c3c8f	16	146	32.86666666666667	33.61888663511382	0.04417137559492174	0.010574532940254008	0.0	1.0	0.0	0.16666666666666666	0.0	6.0	1.0	0.0	0.0	4.0	0.0	0.0	0.0	0.0	0.0	33.61888663511382	49	盖浇饭	5.0	0	0.93	0	1	20.0	0	0	1	1	non-brand	4.92	4.0	105	18	1	0.821719816966	WIFI	iOS	apple	dx	app store	0	0
00355935-9e48-44bb-9e61-cb05df63aad6	3860f26489bded97c220dda4c832e6ce	b6ccfa8e9f04509f8b3670a4e95c3c8f	29	145	32.86666666666667	33.61888663511382	0.04417137559492174	0.010574532940254008	0.4117647058823529	0.25	1.0	0.5	1.0	4.0	1.0	1.0	0.11764705882352941	1.0	1.0	1.0	22.0	0.25	1.0	11.618886635113817	49	盖浇饭	5.0	0	0.93	0	1	20.0	0	0	1	1	non-brand	4.92	4.0	105	18	1	0.309655926955	4G	Android	HONOR	yd	huawei	1	0
00375142-cf83-4ac9-8fba-fbffed7c2420	b582445748debae290859a465f167707	386d1c85556bbfb4a89a4d412387d21b	6	149	5.074074074074074	24.99124087591241	0.023256054700642348	0.003545603710202539	0.0	0.6363636363636364	0.0	0.09090909090909091	0.0	11.0	0.8181818181818182	0.0	0.0	11.0	0.0	0.0	0.0	0.09090909090909091	0.0	24.99124087591241	4	麻辣烫	5.0	0	0.96	0	1	20.0	0	0	1	1	non-brand	4.91	3.0	135	51	1	0.0127797080099	WIFI	Android	Huawei	dx	huawei	0	0
00377b62-a6a4-408c-a2ef-93be2bc5d1f8	c0ff336788dd1ba30dcff502d8f643ee	b6ccfa8e9f04509f8b3670a4e95c3c8f	16	153	32.86666666666667	33.61888663511382	0.04417137559492174	0.010574532940254008	0.0	0.5	0.0	0.5	0.0	2.0	0.5	0.0	0.0	8.0	0.0	0.0	0.0	0.0	0.0	33.61888663511382	49	盖浇饭	5.0	0	0.93	0	1	20.0	0	0	1	1	non-brand	4.92	4.0	105	18	1	0.309655926955	WIFI	iOS	apple	yd	app store	0	0
0037a974-e231-4641-93e5-bbec0b5e9157	260f6768fec95f7dd49a8eec9c54cf4a	b6ccfa8e9f04509f8b3670a4e95c3c8f	13	142	32.86666666666667	33.61888663511382	0.04417137559492174	0.010574532940254008	0.0	1.0	0.0	0.0	0.0	1.0	1.0	0.0	0.0	12.0	0.0	0.0	0.0	0.0	0.0	33.61888663511382	49	盖浇饭	5.0	0	0.93	0	1	20.0	0	0	1	1	non-brand	4.92	4.0	105	18	1	0.821719816966	WIFI	iOS	apple	lt	app store	0	0
00382e11-86e1-406e-a0ed-753fd14d19d6	f74ba365d4aaebc926773502b6c6b191	26fa0b005d0d3fb742cd3daa7ddc6da3	3	144	24.05185185185185	38.25962426855559	0.059132708613007186	0.014198321738255885	0.0	0.0	0.0	0.0	0.0	0.0	0.0	0.0	0.0	0.0	0.0	0.0	0.0	0.0	0.0	38.25962426855559	9	盖浇饭	7.0	1	0.95	0	1	20.0	0	1	1	0	laoniangjiu	4.91	4.0	22	24	1	0.133268272343	WIFI	iOS	apple	dx	app store	0	0
0038a6d1-ef03-481e-8d6f-318ceb579855	dd191f9561aa073001e2ba7bd41dafda	156d2cd00d0d8cf6f27e1359de272630	11	154	1.288888888888889	44.39080459770115	0.0731244064577398	0.004590060145615701	0.0	1.0	0.0	0.0	0.0	1.0	0.0	0.0	0.0	22.0	0.0	0.0	0.0	0.0	0.0	44.39080459770115	-4	西餐	5.0	0	0.95	0	0	20.0	0	0	0	1	non-brand	4.93	4.0	28	29	1	0.810930501931	WIFI	iOS	apple	dx	app store	0	0
0038f2f0-c799-4d3e-a43f-14ce4f845cb7	02a79f49f0a7bbe3c0c388f46a32a87f	b6ccfa8e9f04509f8b3670a4e95c3c8f	16	154	32.86666666666667	33.61888663511382	0.04417137559492174	0.010574532940254008	0.0	0.0	0.0	0.0	0.0	0.0	0.0	0.0	0.0	0.0	0.0	0.0	0.0	0.0	0.0	33.61888663511382	49	盖浇饭	5.0	0	0.93	0	1	20.0	0	0	1	1	non-brand	4.92	4.0	105	18	1	0.821719816966	WIFI	Android	OTHER	dx	tengxun	1	0
0039f23d-908d-403d-9bab-eceec3f4d5a2	840d22702f093920cd7b953f8112b6a7	156d2cd00d0d8cf6f27e1359de272630	29	153	1.288888888888889	44.39080459770115	0.0731244064577398	0.004590060145615701	0.0	1.0	0.0	0.0	0.0	1.0	0.0	0.0	0.0	2.0	0.0	0.0	0.0	0.0	0.0	44.39080459770115	-4	西餐	5.0	0	0.95	0	0	20.0	0	0	0	1	non-brand	4.93	4.0	28	29	1	0.455378419895	WIFI	iOS	apple	yd	app store	0	0
003a6aa6-d28a-4ae4-876a-88caf2cfa32c	7a4f0bfa9f4b7a4b65cba6268d9cfc87	594c44160a08a93379087aba4bcdae0c	11	148	1.962962962962963	39.88301886792453	0.038142914100917025	0.003913229669664348	0.3389830508474576	0.5	0.0	0.0	0.0	2.0	0.0	0.0	0.0	61.0	63.0	1.0	38.0	0.0	0.0	1.8830188679245268	28	甜品	0.0	0	0.96	0	1	30.0	0	0	1	1	non-brand	4.96	4.0	76	70	1	0.788216653311	4G	iOS	apple	lt	app store	1	0
003afcdc-c264-4faf-b083-940680150e39	a3fba3bf853811ea50b35b9a4be337d4	108db6143b1058c90078023a58c68bc8	40	154	22.674074074074074	33.347598823913756	0.06829713153101863	0.008067980843487497	0.24409914909359967	0.8333333333333334	1.0	1.0	1.0	6.0	1.0	1.0	0.0325638179800222	1.0	9.0	3.0	37.333333333333336	0.0	0.0	-3.9857345094195793	15	盖浇饭	0.0	0	0.91	0	1	0.0	0	1	1	0	non-brand	4.91	2.0	103	92	1	0.309655926955	WIFI	iOS	apple	dx	app store	1	1
003c40b5-32f3-4e2c-96f2-fb7eb95e4b8e	67ec9d9ce4ece094a642f7888a743abc	b6c2ff2e7a1d181eec7a05ab9adc5218	30	150	15.644444444444444	32.89962121212121	0.0532202641783046	0.013316099744648655	0.21323529411764708	0.0	0.0	1.0	1.0	3.0	1.0	1.0	0.026785714285714284	3.0	29.0	2.0	35.5	0.0	0.0	-2.600378787878789	10	盖浇饭	0.0	1	0.94	0	1	0.0	0	1	0	0	furongxiang	4.9	4.0	97	75	1	0.381832731276	WIFI	Android	vivo	lt	PP	1	0
003d85dd-c274-421c-bc82-2ccc461d44a1	da4953b139f6822289a5232182eecdf6	b6c2ff2e7a1d181eec7a05ab9adc5218	23	152	15.644444444444444	32.89962121212121	0.0532202641783046	0.013316099744648655	0.150547256413066	0.03571428571428571	0.0	0.5357142857142857	0.75	28.0	0.8571428571428571	1.0	0.04161035830380949	9.0	16.0	4.0	54.0	0.03571428571428571	0.0	-21.10037878787879	10	盖浇饭	0.0	1	0.94	0	1	0.0	0	1	0	0	furongxiang	4.9	4.0	97	75	1	0.821719816966	WIFI	iOS	apple	dx	app store	0	0
003d8c09-3e4a-40a2-974b-f22a05cc7b76	41b2d10761add2dbbaf75ee1c32f66e0	108db6143b1058c90078023a58c68bc8	33	149	22.674074074074074	33.347598823913756	0.06829713153101863	0.008067980843487497	0.0	1.0	0.0	0.0	0.0	1.0	1.0	0.0	0.0	7.0	0.0	0.0	0.0	0.0	0.0	33.347598823913756	15	盖浇饭	0.0	0	0.91	0	1	0.0	0	1	1	0	non-brand	4.91	2.0	103	92	1	0.821719816966	WIFI	iOS	apple	dx	app store	0	0
003e874b-6629-4cc7-ab88-6c122f6e1457	93ca8c3d87d8899fb2e6fa0e5ec1c4b1	b6ccfa8e9f04509f8b3670a4e95c3c8f	20	148	32.86666666666667	33.61888663511382	0.04417137559492174	0.010574532940254008	0.0	0.75	0.0	0.6875	0.0	16.0	0.625	0.0	0.0	2.0	0.0	0.0	0.0	0.125	0.0	33.61888663511382	49	盖浇饭	5.0	0	0.93	0	1	20.0	0	0	1	1	non-brand	4.92	4.0	105	18	1	0.381832731276	4G	Android	OPPO	yd	baidu	0	0
003e8bb5-1e79-4152-9c0f-71e74de857ae	d39d07c7c6ef3e317f772c0b2d4864c2	b6c2ff2e7a1d181eec7a05ab9adc5218	40	152	15.644444444444444	32.89962121212121	0.0532202641783046	0.013316099744648655	0.0	0.0	0.0	0.0	0.0	0.0	0.0	0.0	0.0	0.0	0.0	0.0	0.0	0.0	0.0	32.89962121212121	10	盖浇饭	0.0	1	0.94	0	1	0.0	0	1	0	0	furongxiang	4.9	4.0	97	75	1	0.309655926955	4G	Android	Honor	yd	tengxun	0	0
00430b26-6031-444f-a1fd-00916710c03d	3d248dfbb3f3423bd9990d1dfdeca90c	108db6143b1058c90078023a58c68bc8	4	154	22.674074074074074	33.347598823913756	0.06829713153101863	0.008067980843487497	0.3530930015353994	0.990909090909091	1.0	1.0	1.0	110.0	0.00909090909090909	0.0	0.007819258953688903	8.0	31.0	9.0	27.22222222222222	0.9818181818181818	1.0	6.125376601691535	15	盖浇饭	0.0	0	0.91	0	1	0.0	0	1	1	0	non-brand	4.91	2.0	103	92	1	0.309655926955	WIFI	Android	HUAWEI	dx	huawei	0	0
004388af-f12b-45fe-a2b6-f812a740359e	ba41f04359dadaceb5ed67f4722862e3	b6c2ff2e7a1d181eec7a05ab9adc5218	16	146	15.644444444444444	32.89962121212121	0.0532202641783046	0.013316099744648655	0.4411764705882353	0.058823529411764705	0.0	0.4117647058823529	0.0	17.0	0.8235294117647058	1.0	0.08823529411764706	0.0	23.0	1.0	19.0	0.058823529411764705	0.0	13.899621212121211	10	盖浇饭	0.0	1	0.94	0	1	0.0	0	1	0	0	furongxiang	4.9	4.0	97	75	1	0.0513287109204	UNKNOWN	iOS	apple	yd	app store	0	0
0043e473-d77c-4bb1-b70b-6d6c71431dda	dae200eab77893860e0f5ed0c51b9abd	b6ccfa8e9f04509f8b3670a4e95c3c8f	22	154	32.86666666666667	33.61888663511382	0.04417137559492174	0.010574532940254008	0.32653061224489793	0.2	0.0	1.0	1.0	5.0	0.8	1.0	0.14285714285714285	0.0	73.0	1.0	32.0	0.0	0.0	1.6188866351138174	49	盖浇饭	5.0	0	0.93	0	1	20.0	0	0	1	1	non-brand	4.92	4.0	105	18	1	0.821719816966	WIFI	iOS	apple	dx	app store	0	0
004435d2-5a13-45c1-9533-bfc7c9a473fd	ee108622a6e04dbfa2d2f62c9aa1e945	31644189df84978b4cfe5ff6c689dd71	8	148	0.4148148148148148	40.232142857142854	0.03841801179343618	0.0033355173029960094	0.0	0.0	0.0	0.0	0.0	0.0	0.0	0.0	0.0	0.0	0.0	0.0	0.0	0.0	0.0	40.232142857142854	5	奶茶果汁	5.0	0	0.98	1	1	20.0	0	1	1	1	non-brand	4.98	4.0	136	131	1	0.861112565564	WIFI	iOS	apple	dx	app store	0	0
0045c979-e605-41e4-8bee-5e47c278997e	61ad65ef7410a06d573a17cdf8c95e0a	26fa0b005d0d3fb742cd3daa7ddc6da3	15	144	24.05185185185185	38.25962426855559	0.059132708613007186	0.014198321738255885	0.0	0.0	0.0	0.0	0.0	0.0	0.0	0.0	0.0	0.0	0.0	0.0	0.0	0.0	0.0	38.25962426855559	9	盖浇饭	7.0	1	0.95	0	1	20.0	0	1	1	0	laoniangjiu	4.91	4.0	22	24	1	0.133268272343	WIFI	iOS	apple	dx	app store	0	0
00463a93-278e-4173-b1e4-54da1c5d5d70	6fe4f14fc51bda7f014f3cbda661e122	26fa0b005d0d3fb742cd3daa7ddc6da3	22	154	24.05185185185185	38.25962426855559	0.059132708613007186	0.014198321738255885	0.0	0.0	0.0	0.0	0.0	0.0	0.0	0.0	0.0	0.0	0.0	0.0	0.0	0.0	0.0	38.25962426855559	9	盖浇饭	7.0	1	0.95	0	1	20.0	0	1	1	0	laoniangjiu	4.91	4.0	22	24	1	0.309655926955	UNKNOWN	iOS	OTHER	OTHER	app store	1	0
00485124-f161-4163-a71a-5f8048176d16	b9203dbe5fd69e6f709c11168314b6d5	b6ccfa8e9f04509f8b3670a4e95c3c8f	38	141	32.86666666666667	33.61888663511382	0.04417137559492174	0.010574532940254008	0.0	1.0	0.0	1.0	0.0	1.0	0.0	0.0	0.0	6.0	0.0	0.0	0.0	0.0	0.0	33.61888663511382	49	盖浇饭	5.0	0	0.93	0	1	20.0	0	0	1	1	non-brand	4.92	4.0	105	18	1	0.381832731276	WIFI	iOS	apple	lt	app store	0	0
0048c10a-3b11-4d2b-8639-541ea4f29571	cf8583fbb12f7bf36b296c5bbceb7c08	156d2cd00d0d8cf6f27e1359de272630	23	142	1.288888888888889	44.39080459770115	0.0731244064577398	0.004590060145615701	0.3220982142857143	0.1111111111111111	0.0	0.0	0.0	18.0	0.16666666666666666	0.0	0.015388257575757576	0.0	3.0	4.0	27.5	0.0	0.0	16.89080459770115	-4	西餐	5.0	0	0.95	0	0	20.0	0	0	0	1	non-brand	4.93	4.0	28	29	1	0.810930501931	WIFI	Android	Xiaomi	dx	xiaomi	1	0
004a0615-8771-4728-a5ef-79b68384f271	c78a2b3e1d04fdbccc512575e3e519e0	386d1c85556bbfb4a89a4d412387d21b	43	149	5.074074074074074	24.99124087591241	0.023256054700642348	0.003545603710202539	0.0	0.6666666666666666	0.0	0.0	0.0	6.0	0.8333333333333334	0.0	0.0	7.0	0.0	0.0	0.0	0.0	0.0	24.99124087591241	4	麻辣烫	5.0	0	0.96	0	1	20.0	0	0	1	1	non-brand	4.91	3.0	135	51	1	0.830341735906	WIFI	iOS	apple	dx	app store	0	0
004bb508-b294-49cd-831d-af715eae34e7	f6bba6d318b8490e976000412a5b79e3	b6ccfa8e9f04509f8b3670a4e95c3c8f	11	149	32.86666666666667	33.61888663511382	0.04417137559492174	0.010574532940254008	0.3611111111111111	0.0	0.0	1.0	1.0	3.0	1.0	1.0	0.08333333333333333	56.0	64.0	1.0	24.0	0.0	0.0	9.618886635113817	49	盖浇饭	5.0	0	0.93	0	1	20.0	0	0	1	1	non-brand	4.92	4.0	105	18	1	0.821719816966	WIFI	iOS	apple	dx	app store	0	0
004c2b4c-d35f-47e8-aee5-b775e5f052f4	9f5f6ffa3fc9ded52ac7ac79e010b7c8	31644189df84978b4cfe5ff6c689dd71	6	148	0.4148148148148148	40.232142857142854	0.03841801179343618	0.0033355173029960094	0.0	1.0	0.0	0.0	0.0	6.0	0.8333333333333334	0.0	0.0	37.0	0.0	0.0	0.0	0.0	0.0	40.232142857142854	5	奶茶果汁	5.0	0	0.98	1	1	20.0	0	1	1	1	non-brand	4.98	4.0	136	131	1	0.861112565564	WIFI	iOS	apple	OTHER	app store	1	0
004dfb10-4e36-461b-86b3-64863ec4a2bb	bd344a56fa73a3b58606fe9139dcceb3	b6c2ff2e7a1d181eec7a05ab9adc5218	16	142	15.644444444444444	32.89962121212121	0.0532202641783046	0.013316099744648655	0.0	0.0	0.0	0.0	0.0	0.0	0.0	0.0	0.0	0.0	0.0	0.0	0.0	0.0	0.0	32.89962121212121	10	盖浇饭	0.0	1	0.94	0	1	0.0	0	1	0	0	furongxiang	4.9	4.0	97	75	1	0.821719816966	WIFI	iOS	apple	dx	app store	0	0
0050720b-4b1c-490b-ba73-9b578c8a9529	35eb44863f11feb7417ab7c05384725d	b6ccfa8e9f04509f8b3670a4e95c3c8f	16	145	32.86666666666667	33.61888663511382	0.04417137559492174	0.010574532940254008	0.0	0.0	0.0	0.0	0.0	0.0	0.0	0.0	0.0	0.0	0.0	0.0	0.0	0.0	0.0	33.61888663511382	49	盖浇饭	5.0	0	0.93	0	1	20.0	0	0	1	1	non-brand	4.92	4.0	105	18	1	0.309655926955	WIFI	iOS	apple	dx	app store	0	0
00529914-291e-40d4-87cc-ed54633940af	70458eb1f30fea828ba0de3115b2bb71	b6ccfa8e9f04509f8b3670a4e95c3c8f	13	154	32.86666666666667	33.61888663511382	0.04417137559492174	0.010574532940254008	0.41379310344827586	1.0	1.0	0.5	1.0	2.0	1.0	1.0	0.034482758620689655	22.0	22.0	1.0	19.0	0.5	1.0	14.618886635113817	49	盖浇饭	5.0	0	0.93	0	1	20.0	0	0	1	1	non-brand	4.92	4.0	105	18	1	0.381832731276	WIFI	Android	Xiaomi	dx	xiaomi	1	0
00530f53-2e4a-4fb9-8e59-fcfdc77788af	261024c87e6abd5eba9a32c2a43fdebc	b6c2ff2e7a1d181eec7a05ab9adc5218	41	148	15.644444444444444	32.89962121212121	0.0532202641783046	0.013316099744648655	0.0	0.0	0.0	0.0	0.0	0.0	0.0	0.0	0.0	0.0	0.0	0.0	0.0	0.0	0.0	32.89962121212121	10	盖浇饭	0.0	1	0.94	0	1	0.0	0	1	0	0	furongxiang	4.9	4.0	97	75	1	0.133268272343	WIFI	iOS	apple	lt	app store	0	0
005326ab-1aa3-4410-a670-bcf07e052105	cb5308d620524d777dd5f5fe8c27bbef	b6ccfa8e9f04509f8b3670a4e95c3c8f	12	142	32.86666666666667	33.61888663511382	0.04417137559492174	0.010574532940254008	0.5	0.8	1.0	0.4	1.0	5.0	0.8	0.0	0.0	0.0	28.0	1.0	16.0	0.0	0.0	17.618886635113817	49	盖浇饭	5.0	0	0.93	0	1	20.0	0	0	1	1	non-brand	4.92	4.0	105	18	1	0.0513287109204	4G	iOS	apple	yd	app store	0	0
0053a16f-968d-4cfc-a316-6556ba079857	4f3a959d7634c811b1dfa708e47c173a	26fa0b005d0d3fb742cd3daa7ddc6da3	6	141	24.05185185185185	38.25962426855559	0.059132708613007186	0.014198321738255885	0.0	0.5	0.0	0.75	0.0	4.0	0.75	0.0	0.0	0.0	0.0	0.0	0.0	0.5	0.0	38.25962426855559	9	盖浇饭	7.0	1	0.95	0	1	20.0	0	1	1	0	laoniangjiu	4.91	4.0	22	24	1	0.821719816966	WIFI	iOS	apple	dx	app store	0	0
0054cee6-80ee-4543-ae5a-c4ebc94e4d17	4297ff09de0594142b8cac0e8ae105ea	b6c2ff2e7a1d181eec7a05ab9adc5218	21	151	15.644444444444444	32.89962121212121	0.0532202641783046	0.013316099744648655	0.0	0.0	0.0	0.0	0.0	0.0	0.0	0.0	0.0	0.0	0.0	0.0	0.0	0.0	0.0	32.89962121212121	10	盖浇饭	0.0	1	0.94	0	1	0.0	0	1	0	0	furongxiang	4.9	4.0	97	75	1	0.00375787277943	UNKNOWN	iOS	OTHER	OTHER	app store	0	0
00551e9e-61a7-46c0-b0ec-a97807d3d010	5ec0384b5156e9d2b719aa20329e6252	108db6143b1058c90078023a58c68bc8	42	153	22.674074074074074	33.347598823913756	0.06829713153101863	0.008067980843487497	0.0	0.0	0.0	0.0	0.0	0.0	0.0	0.0	0.0	0.0	0.0	0.0	0.0	0.0	0.0	33.347598823913756	15	盖浇饭	0.0	0	0.91	0	1	0.0	0	1	1	0	non-brand	4.91	2.0	103	92	1	0.0513287109204	4G	iOS	apple	dx	app store	0	0
00569641-ee85-476a-b567-5ebbd9d1dfe2	f7bfedaa820282e44b95c1bb601a98f4	108db6143b1058c90078023a58c68bc8	24	148	22.674074074074074	33.347598823913756	0.06829713153101863	0.008067980843487497	0.0	0.25	0.0	0.75	0.0	4.0	0.75	0.0	0.0	5.0	0.0	0.0	0.0	0.0	0.0	33.347598823913756	15	盖浇饭	0.0	0	0.91	0	1	0.0	0	1	1	0	non-brand	4.91	2.0	103	92	1	0.821719816966	WIFI	iOS	apple	dx	app store	0	0
0056d73f-bd05-4dc9-9021-219deb5ac474	9b6757ca6780d3063704679bb71221ae	b6c2ff2e7a1d181eec7a05ab9adc5218	34	152	15.644444444444444	32.89962121212121	0.0532202641783046	0.013316099744648655	0.0	0.0	0.0	0.0	0.0	0.0	0.0	0.0	0.0	0.0	0.0	0.0	0.0	0.0	0.0	32.89962121212121	10	盖浇饭	0.0	1	0.94	0	1	0.0	0	1	0	0	furongxiang	4.9	4.0	97	75	1	0.381832731276	WIFI	iOS	apple	OTHER	app store	0	0
005745be-d78a-418f-81d9-f63c28626ef8	ea132812ea87e9a31c8c90fac0d26f1f	26fa0b005d0d3fb742cd3daa7ddc6da3	1	148	24.05185185185185	38.25962426855559	0.059132708613007186	0.014198321738255885	0.2	1.0	1.0	1.0	1.0	3.0	1.0	1.0	0.02857142857142857	25.0	25.0	1.0	30.0	1.0	1.0	8.25962426855559	9	盖浇饭	7.0	1	0.95	0	1	20.0	0	1	1	0	laoniangjiu	4.91	4.0	22	24	1	0.309655926955	WIFI	Android	samsung	dx	tengxun	1	0
0058ec01-219e-4e56-9e7e-a34db140d567	4b1f202cbcd02bc4f674cc7ae043677a	b6c2ff2e7a1d181eec7a05ab9adc5218	16	147	15.644444444444444	32.89962121212121	0.0532202641783046	0.013316099744648655	0.2680720976030823	0.0	0.0	1.0	1.0	8.0	1.0	1.0	0.02213621607987058	1.0	13.0	6.0	35.5	0.0	0.0	-2.600378787878789	10	盖浇饭	0.0	1	0.94	0	1	0.0	0	1	0	0	furongxiang	4.9	4.0	97	75	1	0.821719816966	WIFI	iOS	apple	yd	app store	1	0
00597258-6a1f-462c-8b11-27e5f9616926	c4ddc8c476b3631081fb34907444a2c3	156d2cd00d0d8cf6f27e1359de272630	13	142	1.288888888888889	44.39080459770115	0.0731244064577398	0.004590060145615701	0.0	0.0	0.0	0.0	0.0	0.0	0.0	0.0	0.0	0.0	0.0	0.0	0.0	0.0	0.0	44.39080459770115	-4	西餐	5.0	0	0.95	0	0	20.0	0	0	0	1	non-brand	4.93	4.0	28	29	1	0.369091211027	WIFI	iOS	apple	dx	app store	0	0
005a1d4b-be3f-48c2-91c8-6a736fb16567	eca2ac905ff1e893ee6657aafab64620	26fa0b005d0d3fb742cd3daa7ddc6da3	2	147	24.05185185185185	38.25962426855559	0.059132708613007186	0.014198321738255885	0.0	0.0	0.0	0.0	0.0	0.0	0.0	0.0	0.0	0.0	0.0	0.0	0.0	0.0	0.0	38.25962426855559	9	盖浇饭	7.0	1	0.95	0	1	20.0	0	1	1	0	laoniangjiu	4.91	4.0	22	24	1	0.381832731276	WIFI	iOS	apple	dx	app store	0	0
005a7eb4-d7ed-4295-b13c-306cf1951e75	571fd633207a3d8a4e3b2dfef6ce0dc4	108db6143b1058c90078023a58c68bc8	28	152	22.674074074074074	33.347598823913756	0.06829713153101863	0.008067980843487497	0.0	0.0	0.0	0.0	0.0	0.0	0.0	0.0	0.0	0.0	0.0	0.0	0.0	0.0	0.0	33.347598823913756	15	盖浇饭	0.0	0	0.91	0	1	0.0	0	1	1	0	non-brand	4.91	2.0	103	92	1	0.821719816966	WIFI	Android	samsung	dx	yingyongbaoCPD	1	0
005adb34-2b8c-4b68-a5b8-01b5706bdeed	0860aad88fe4e628a536c281caa0f616	b6c2ff2e7a1d181eec7a05ab9adc5218	30	150	15.644444444444444	32.89962121212121	0.0532202641783046	0.013316099744648655	0.0	1.0	0.0	1.0	0.0	1.0	0.0	0.0	0.0	75.0	0.0	0.0	0.0	1.0	0.0	32.89962121212121	10	盖浇饭	0.0	1	0.94	0	1	0.0	0	1	0	0	furongxiang	4.9	4.0	97	75	1	0.133268272343	4G	iOS	apple	yd	app store	1	1
005bbd67-99e4-40ae-86cf-e2c880fca43c	5539d9a896b6671612f6201152b20351	b6c2ff2e7a1d181eec7a05ab9adc5218	35	142	15.644444444444444	32.89962121212121	0.0532202641783046	0.013316099744648655	0.0	0.25	0.0	0.5	0.0	4.0	0.25	0.0	0.0	2.0	0.0	0.0	0.0	0.25	0.0	32.89962121212121	10	盖浇饭	0.0	1	0.94	0	1	0.0	0	1	0	0	furongxiang	4.9	4.0	97	75	1	0.133268272343	4G	iOS	apple	lt	app store	1	0
005bbf22-b751-44e0-b5f0-7e0b962891b1	85aa74d7214688c2f4f4296f20404955	156d2cd00d0d8cf6f27e1359de272630	31	154	1.288888888888889	44.39080459770115	0.0731244064577398	0.004590060145615701	0.0	0.0	0.0	0.0	0.0	2.0	1.0	0.0	0.0	63.0	0.0	0.0	0.0	0.0	0.0	44.39080459770115	-4	西餐	5.0	0	0.95	0	0	20.0	0	0	0	1	non-brand	4.93	4.0	28	29	1	0.211861659503	WIFI	iOS	apple	lt	app store	0	0
005e2ad1-19f4-4f60-8ffb-5f574d038bd9	44626cdf532035e8d29638040c4ea072	b6ccfa8e9f04509f8b3670a4e95c3c8f	17	147	32.86666666666667	33.61888663511382	0.04417137559492174	0.010574532940254008	0.0	0.5	0.0	0.5	0.0	2.0	1.0	0.0	0.0	0.0	0.0	0.0	0.0	0.0	0.0	33.61888663511382	49	盖浇饭	5.0	0	0.93	0	1	20.0	0	0	1	1	non-brand	4.92	4.0	105	18	1	0.381832731276	4G	iOS	apple	yd	app store	0	0
005e7533-10bc-422e-ada6-57853e31fd12	286d231ba2f467e673e7f96d6541fb86	26fa0b005d0d3fb742cd3daa7ddc6da3	3	148	24.05185185185185	38.25962426855559	0.059132708613007186	0.014198321738255885	0.0	0.0	0.0	0.0	0.0	0.0	0.0	0.0	0.0	0.0	0.0	0.0	0.0	0.0	0.0	38.25962426855559	9	盖浇饭	7.0	1	0.95	0	1	20.0	0	1	1	0	laoniangjiu	4.91	4.0	22	24	1	0.821719816966	WIFI	iOS	apple	dx	app store	0	0
00611710-5712-4786-9aff-da2a96bdc2de	4f5fbe1eda8638ed169c69c555c44aef	6af314146c82a2e70445bdb9325a2928	39	148	0.3333333333333333	36.68888888888889	0.042801659224814395	0.0011889349784670665	0.0	0.0	0.0	0.0	0.0	0.0	0.0	0.0	0.0	0.0	0.0	0.0	0.0	0.0	0.0	36.68888888888889	-3	奶茶果汁	0.0	0	0.94	0	0	25.0	0	0	0	0	non-brand	4.89	3.0	202	192	1	0.861112565564	3G	iOS	apple	dx	app store	0	0
00614432-ae2e-4b34-9718-eff155e4c9e8	52cbb22507992b57d52429a5c436ea57	d883393499ec2915ca0fc838ffc6388b	18	152	0.0	0.0	0.0	0.0	0.0	0.875	0.0	0.0	0.0	8.0	0.875	0.0	0.0	0.0	0.0	0.0	0.0	0.0	0.0	0.0	-5	饺子馄饨	5.0	0	0.0	0	0	20.0	0	0	0	1	non-brand	3.0	0.0	41	39	0	0.432976728262	WIFI	iOS	apple	dx	app store	0	0
0061bab5-9c94-4233-96f1-d30fb50c306c	3efd5b79064914dab40b309d91c8f7a9	d883393499ec2915ca0fc838ffc6388b	18	150	0.0	0.0	0.0	0.0	0.0	1.0	0.0	0.0	0.0	1.0	1.0	0.0	0.0	56.0	0.0	0.0	0.0	0.0	0.0	0.0	-5	饺子馄饨	5.0	0	0.0	0	0	20.0	0	0	0	1	non-brand	3.0	0.0	41	39	0	0.423857091351	WIFI	iOS	apple	dx	app store	0	0
00623bdd-5901-4109-b92f-a79eee420219	0860aad88fe4e628a536c281caa0f616	108db6143b1058c90078023a58c68bc8	24	152	22.674074074074074	33.347598823913756	0.06829713153101863	0.008067980843487497	0.0	0.0	0.0	1.0	0.0	1.0	0.0	0.0	0.0	75.0	0.0	0.0	0.0	0.0	0.0	33.347598823913756	15	盖浇饭	0.0	0	0.91	0	1	0.0	0	1	1	0	non-brand	4.91	2.0	103	92	1	0.381832731276	WIFI	iOS	apple	dx	app store	0	0
0063c7a8-6549-4cbb-993f-7308ce2f2b42	03972945b0b3c0a99be270da74d0c6d5	26fa0b005d0d3fb742cd3daa7ddc6da3	13	153	24.05185185185185	38.25962426855559	0.059132708613007186	0.014198321738255885	0.0	0.0	0.0	0.0	0.0	0.0	0.0	0.0	0.0	0.0	0.0	0.0	0.0	0.0	0.0	38.25962426855559	9	盖浇饭	7.0	1	0.95	0	1	20.0	0	1	1	0	laoniangjiu	4.91	4.0	22	24	1	0.821719816966	WIFI	iOS	apple	dx	app store	0	0
0063dfba-dd15-470f-969d-9c2b20d3eb40	4b8581fe6d59c20294979195a8853440	108db6143b1058c90078023a58c68bc8	9	151	22.674074074074074	33.347598823913756	0.06829713153101863	0.008067980843487497	0.0	1.0	0.0	1.0	0.0	2.0	0.0	0.0	0.0	6.0	0.0	0.0	0.0	1.0	0.0	33.347598823913756	15	盖浇饭	0.0	0	0.91	0	1	0.0	0	1	1	0	non-brand	4.91	2.0	103	92	1	0.309655926955	WIFI	iOS	apple	OTHER	app store	0	0
0063e0c5-0f71-4cc5-bdbf-5244d7966893	d9d763fb2bfc1236c384d4c7ff67c471	cbe52ffdd7af975aad2ba419af40dde4	37	142	0.13333333333333333	48.611111111111114	0.020137623962760576	9.107468123861566E-4	0.0	1.0	0.0	0.0	0.0	2.0	0.5	0.0	0.0	23.0	0.0	0.0	0.0	0.0	0.0	48.611111111111114	14	鸭脖卤味	5.0	0	1.0	0	1	20.0	0	0	1	1	non-brand	4.97	3.0	88	74	0	0.0920025959851	4G	iOS	apple	yd	app store	0	0
0064fc1f-4b11-4eda-af74-2e32d3c27818	4b0a3c9aed97a6a74e74f7cf5b845257	b6ccfa8e9f04509f8b3670a4e95c3c8f	16	141	32.86666666666667	33.61888663511382	0.04417137559492174	0.010574532940254008	0.35294117647058826	0.0	0.0	1.0	1.0	2.0	1.0	1.0	0.17647058823529413	22.0	22.0	1.0	21.0	0.0	0.0	12.618886635113817	49	盖浇饭	5.0	0	0.93	0	1	20.0	0	0	1	1	non-brand	4.92	4.0	105	18	1	0.821719816966	WIFI	iOS	apple	dx	app store	1	0
00651a53-c09f-4e3b-9417-5d9e52f707a3	812c1c35002c83771c0117813e634a53	156d2cd00d0d8cf6f27e1359de272630	22	144	1.288888888888889	44.39080459770115	0.0731244064577398	0.004590060145615701	0.3333333333333333	0.25	0.0	0.0	0.0	4.0	0.75	1.0	0.05555555555555555	2.0	2.0	1.0	25.0	0.0	0.0	19.39080459770115	-4	西餐	5.0	0	0.95	0	0	20.0	0	0	0	1	non-brand	4.93	4.0	28	29	1	0.369091211027	WIFI	iOS	apple	lt	app store	1	0
00661bbc-2219-409d-9917-b3733aabde6e	77a5afbd7a564001f710acb8204329a2	b6ccfa8e9f04509f8b3670a4e95c3c8f	13	142	32.86666666666667	33.61888663511382	0.04417137559492174	0.010574532940254008	0.0	0.0	0.0	0.0	0.0	0.0	0.0	0.0	0.0	0.0	0.0	0.0	0.0	0.0	0.0	33.61888663511382	49	盖浇饭	5.0	0	0.93	0	1	20.0	0	0	1	1	non-brand	4.92	4.0	105	18	1	0.381832731276	WIFI	iOS	apple	dx	app store	0	0
006641e2-841f-4845-90be-e85ee95c746c	563d6e5bf2eac06f011308fd11e9e47b	108db6143b1058c90078023a58c68bc8	4	148	22.674074074074074	33.347598823913756	0.06829713153101863	0.008067980843487497	0.28134920634920635	0.0	0.0	1.0	1.0	8.0	1.0	1.0	0.05634920634920634	0.0	0.0	2.0	24.0	0.0	0.0	9.347598823913756	15	盖浇饭	0.0	0	0.91	0	1	0.0	0	1	1	0	non-brand	4.91	2.0	103	92	1	0.0513287109204	4G	Android	motorola	yd	baidu	1	0
00672b5f-f2cc-49e6-aeb3-2f55a24e2b49	66115786724e520b11a6afd629f3d552	b6c2ff2e7a1d181eec7a05ab9adc5218	16	147	15.644444444444444	32.89962121212121	0.0532202641783046	0.013316099744648655	0.0	0.0	0.0	0.0	0.0	0.0	0.0	0.0	0.0	0.0	0.0	0.0	0.0	0.0	0.0	32.89962121212121	10	盖浇饭	0.0	1	0.94	0	1	0.0	0	1	0	0	furongxiang	4.9	4.0	97	75	1	0.821719816966	WIFI	iOS	apple	lt	app store	0	0
00684751-fb7f-41bd-ade9-7b06f2edaf1f	cc091e3026f22ec886efe88ff820ef8e	108db6143b1058c90078023a58c68bc8	24	153	22.674074074074074	33.347598823913756	0.06829713153101863	0.008067980843487497	0.225	0.5	0.0	0.6666666666666666	1.0	12.0	0.4166666666666667	0.0	0.025	2.0	2.0	1.0	31.0	0.0	0.0	2.3475988239137564	15	盖浇饭	0.0	0	0.91	0	1	0.0	0	1	1	0	non-brand	4.91	2.0	103	92	1	0.821719816966	UNKNOWN	iOS	apple	yd	app store	1	1
00685563-6a1b-45c9-8c1a-d89ae290b9b1	b5678cbf9dfaef3ebe59dd447cb5e10b	b6ccfa8e9f04509f8b3670a4e95c3c8f	37	146	32.86666666666667	33.61888663511382	0.04417137559492174	0.010574532940254008	0.3111111111111111	1.0	1.0	0.0	0.0	6.0	0.8333333333333334	0.5	0.12380952380952381	11.0	59.0	2.0	39.0	0.0	0.0	-5.381113364886183	49	盖浇饭	5.0	0	0.93	0	1	20.0	0	0	1	1	non-brand	4.92	4.0	105	18	1	0.821719816966	WIFI	iOS	apple	dx	app store	0	0
00686e3d-f9c1-4cd7-b1b1-d3951236d769	c8eeb1a20caaf28b5f60edd08b270ddd	26fa0b005d0d3fb742cd3daa7ddc6da3	2	141	24.05185185185185	38.25962426855559	0.059132708613007186	0.014198321738255885	0.34375	0.0	0.0	1.0	1.0	4.0	0.25	0.0	0.03125	14.0	40.0	1.0	23.0	0.0	0.0	15.25962426855559	9	盖浇饭	7.0	1	0.95	0	1	20.0	0	1	1	0	laoniangjiu	4.91	4.0	22	24	1	0.821719816966	WIFI	Android	Meizu	dx	meizu	0	0
006a3887-543a-4081-b5ed-b3745559b781	60d5d749c4925691a764b477507f9a83	108db6143b1058c90078023a58c68bc8	34	154	22.674074074074074	33.347598823913756	0.06829713153101863	0.008067980843487497	0.0	0.0	0.0	0.0	0.0	0.0	0.0	0.0	0.0	0.0	0.0	0.0	0.0	0.0	0.0	33.347598823913756	15	盖浇饭	0.0	0	0.91	0	1	0.0	0	1	1	0	non-brand	4.91	2.0	103	92	1	0.133268272343	WIFI	iOS	apple	lt	app store	1	0
006a3f6a-ce72-469b-a0c2-52af3e5ccdc7	7a46fc86238aacb59becdf9f0a40c904	b6c2ff2e7a1d181eec7a05ab9adc5218	15	146	15.644444444444444	32.89962121212121	0.0532202641783046	0.013316099744648655	0.0	0.0	0.0	0.0	0.0	1.0	1.0	0.0	0.0	26.0	0.0	0.0	0.0	0.0	0.0	32.89962121212121	10	盖浇饭	0.0	1	0.94	0	1	0.0	0	1	0	0	furongxiang	4.9	4.0	97	75	1	0.821719816966	WIFI	iOS	apple	dx	app store	0	0
006a596b-7439-48fb-9129-4328a95b6816	4af44443f784663d6db10c53e1f00c6b	156d2cd00d0d8cf6f27e1359de272630	18	145	1.288888888888889	44.39080459770115	0.0731244064577398	0.004590060145615701	0.0	1.0	0.0	0.0	0.0	2.0	1.0	0.0	0.0	35.0	0.0	0.0	0.0	0.0	0.0	44.39080459770115	-4	西餐	5.0	0	0.95	0	0	20.0	0	0	0	1	non-brand	4.93	4.0	28	29	1	0.810930501931	WIFI	iOS	apple	dx	app store	1	0
006c0cc4-0c54-495e-8fa4-5a8d8b916b06	2a96dd9f61ef7c03048f5ca7e0e83617	1e8803b0257f3ae9728bb4f41f1424cf	3	144	1.3407407407407408	132.9889502762431	0.04245197808153189	0.0021798036972361053	0.0	1.0	0.0	0.0	0.0	4.0	0.5	0.0	0.0	5.0	0.0	0.0	0.0	0.0	0.0	132.9889502762431	9	披萨意面	8.0	1	0.97	0	1	0.0	0	1	1	0	non-brand	4.96	4.0	142	129	0	0.0695346200845	WIFI	iOS	apple	dx	app store	0	0
006d8354-ac51-45c7-8a0f-2a6750d2aabf	f2b24c74dc089925c75f9e6c87a8062e	594c44160a08a93379087aba4bcdae0c	29	150	1.962962962962963	39.88301886792453	0.038142914100917025	0.003913229669664348	0.0	0.0	0.0	0.0	0.0	1.0	0.0	0.0	0.0	20.0	0.0	0.0	0.0	0.0	0.0	39.88301886792453	28	甜品	0.0	0	0.96	0	1	30.0	0	0	1	1	non-brand	4.96	4.0	76	70	1	0.788216653311	WIFI	iOS	apple	dx	app store	0	0
006e0f6d-e198-42e9-a45c-ec5880341de2	1f33240a294a654caab18fbbf7779c06	b6c2ff2e7a1d181eec7a05ab9adc5218	17	143	15.644444444444444	32.89962121212121	0.0532202641783046	0.013316099744648655	0.25	0.0	0.0	0.5	1.0	2.0	1.0	1.0	0.08333333333333333	22.0	22.0	1.0	27.0	0.0	0.0	5.899621212121211	10	盖浇饭	0.0	1	0.94	0	1	0.0	0	1	0	0	furongxiang	4.9	4.0	97	75	1	0.381832731276	WIFI	iOS	apple	dx	app store	1	0
00719599-bb59-43a8-9135-dd66d7cd1449	920e662377155cf18ca17a54bfd572b4	386d1c85556bbfb4a89a4d412387d21b	48	148	5.074074074074074	24.99124087591241	0.023256054700642348	0.003545603710202539	0.0	1.0	0.0	0.3333333333333333	0.0	3.0	1.0	0.0	0.0	12.0	0.0	0.0	0.0	0.3333333333333333	0.0	24.99124087591241	4	麻辣烫	5.0	0	0.96	0	1	20.0	0	0	1	1	non-brand	4.91	3.0	135	51	1	0.418635065282	WIFI	Android	samsung	dx	tengxun	0	0
0072aacc-8e4c-453a-b5c6-ad8fbadcc705	93b0710ff2dfde63f3b1d7ef4434c7e7	26fa0b005d0d3fb742cd3daa7ddc6da3	23	152	24.05185185185185	38.25962426855559	0.059132708613007186	0.014198321738255885	0.625	0.0	0.0	0.0	0.0	7.0	0.2857142857142857	0.0	0.03125	19.0	51.0	1.0	15.0	0.0	0.0	23.25962426855559	9	盖浇饭	7.0	1	0.95	0	1	20.0	0	1	1	0	laoniangjiu	4.91	4.0	22	24	1	0.821719816966	WIFI	iOS	apple	dx	app store	0	0
0072c8c0-a2a1-439d-a558-2562327c200a	6ed6ec75a08afed8943319d055606ac1	156d2cd00d0d8cf6f27e1359de272630	21	142	1.288888888888889	44.39080459770115	0.0731244064577398	0.004590060145615701	0.0	1.0	0.0	0.5	0.0	2.0	1.0	0.0	0.0	1.0	0.0	0.0	0.0	0.5	0.0	44.39080459770115	-4	西餐	5.0	0	0.95	0	0	20.0	0	0	0	1	non-brand	4.93	4.0	28	29	1	0.369091211027	WIFI	iOS	apple	dx	app store	0	0
00735806-5992-42dc-910a-cf5dbb07d997	3207da3496e04c56b743526de6156302	26fa0b005d0d3fb742cd3daa7ddc6da3	11	150	24.05185185185185	38.25962426855559	0.059132708613007186	0.014198321738255885	0.0	0.06666666666666667	0.0	0.7333333333333333	0.0	15.0	0.7333333333333333	0.0	0.0	3.0	0.0	0.0	0.0	0.06666666666666667	0.0	38.25962426855559	9	盖浇饭	7.0	1	0.95	0	1	20.0	0	1	1	0	laoniangjiu	4.91	4.0	22	24	1	0.133268272343	WIFI	iOS	apple	dx	app store	1	0
007449ee-2465-4036-840b-faaafee179ab	a2b2728f994b55822acc385164dabe1f	26fa0b005d0d3fb742cd3daa7ddc6da3	10	151	24.05185185185185	38.25962426855559	0.059132708613007186	0.014198321738255885	0.0	0.0	0.0	0.0	0.0	0.0	0.0	0.0	0.0	0.0	0.0	0.0	0.0	0.0	0.0	38.25962426855559	9	盖浇饭	7.0	1	0.95	0	1	20.0	0	1	1	0	laoniangjiu	4.91	4.0	22	24	1	0.309655926955	WIFI	iOS	apple	lt	app store	0	0
00747ea9-c954-4ce1-99e2-7581399e3cc9	70d084cde419815788bbe9611b735c1d	386d1c85556bbfb4a89a4d412387d21b	22	146	5.074074074074074	24.99124087591241	0.023256054700642348	0.003545603710202539	0.0	0.5	0.0	0.0	0.0	4.0	0.75	0.0	0.0	7.0	0.0	0.0	0.0	0.0	0.0	24.99124087591241	4	麻辣烫	5.0	0	0.96	0	1	20.0	0	0	1	1	non-brand	4.91	3.0	135	51	1	0.242419908831	WIFI	iOS	apple	OTHER	app store	0	0
007516c5-06c4-4c47-90f1-e90019211d14	51ab7ea1198339ed79353a4b1b229454	b6c2ff2e7a1d181eec7a05ab9adc5218	30	148	15.644444444444444	32.89962121212121	0.0532202641783046	0.013316099744648655	0.0	0.0	0.0	0.0	0.0	0.0	0.0	0.0	0.0	0.0	0.0	0.0	0.0	0.0	0.0	32.89962121212121	10	盖浇饭	0.0	1	0.94	0	1	0.0	0	1	0	0	furongxiang	4.9	4.0	97	75	1	0.821719816966	WIFI	iOS	apple	dx	app store	0	0
0075768a-046f-4e18-948e-bc3cf61b8a04	5994e2fb61160cd369e38237c42676f6	6af314146c82a2e70445bdb9325a2928	32	153	0.3333333333333333	36.68888888888889	0.042801659224814395	0.0011889349784670665	0.041237113402061855	1.0	1.0	0.0	0.0	2.0	0.5	1.0	0.010309278350515464	9.0	9.0	1.0	91.0	0.0	0.0	-54.31111111111111	-3	奶茶果汁	0.0	0	0.94	0	0	25.0	0	0	0	0	non-brand	4.89	3.0	202	192	1	0.861112565564	WIFI	Android	Meitu	dx	360	0	0
0075b311-bb17-4ccb-803a-cee6fab61b30	3207ad0c03ce66d4544e720ada08f56e	26fa0b005d0d3fb742cd3daa7ddc6da3	2	145	24.05185185185185	38.25962426855559	0.059132708613007186	0.014198321738255885	0.0	1.0	0.0	1.0	0.0	2.0	1.0	0.0	0.0	2.0	0.0	0.0	0.0	1.0	0.0	38.25962426855559	9	盖浇饭	7.0	1	0.95	0	1	20.0	0	1	1	0	laoniangjiu	4.91	4.0	22	24	1	0.309655926955	WIFI	Android	vivo	dx	vivo	0	0
0075f701-58b0-48c0-9ff1-392e3ebe3874	829d9b399b33974609b264988dc0ccc5	26fa0b005d0d3fb742cd3daa7ddc6da3	2	141	24.05185185185185	38.25962426855559	0.059132708613007186	0.014198321738255885	0.0	1.0	0.0	1.0	0.0	1.0	1.0	0.0	0.0	47.0	0.0	0.0	0.0	1.0	0.0	38.25962426855559	9	盖浇饭	7.0	1	0.95	0	1	20.0	0	1	1	0	laoniangjiu	4.91	4.0	22	24	1	0.133268272343	WIFI	Android	HUAWEI	dx	huawei	1	0
0077f743-02b5-453a-b699-cb27f4e8ee96	4188a5f8956b4dfc560821d9f6345602	31644189df84978b4cfe5ff6c689dd71	7	141	0.4148148148148148	40.232142857142854	0.03841801179343618	0.0033355173029960094	0.0	0.0	0.0	0.0	0.0	0.0	0.0	0.0	0.0	0.0	0.0	0.0	0.0	0.0	0.0	40.232142857142854	5	奶茶果汁	5.0	0	0.98	1	1	20.0	0	1	1	1	non-brand	4.98	4.0	136	131	1	0.861112565564	WIFI	iOS	apple	dx	app store	0	0
007831d2-dc84-4c2d-8582-19260b367ee2	73bbbde40e52f1cdb154eb8d9868f444	156d2cd00d0d8cf6f27e1359de272630	11	145	1.288888888888889	44.39080459770115	0.0731244064577398	0.004590060145615701	0.2682926829268293	1.0	1.0	0.0	0.0	6.0	0.5	0.0	0.024390243902439025	9.0	13.0	1.0	28.0	0.0	0.0	16.39080459770115	-4	西餐	5.0	0	0.95	0	0	20.0	0	0	0	1	non-brand	4.93	4.0	28	29	1	0.455378419895	WIFI	Android	HONOR	lt	wandoujia	1	0
0078c262-1163-4166-ab20-53eb906cfcf4	b2cb9dd079d45da3d3922687d349376d	26fa0b005d0d3fb742cd3daa7ddc6da3	7	141	24.05185185185185	38.25962426855559	0.059132708613007186	0.014198321738255885	0.0	0.6666666666666666	0.0	0.6666666666666666	0.0	3.0	1.0	0.0	0.0	6.0	0.0	0.0	0.0	0.6666666666666666	0.0	38.25962426855559	9	盖浇饭	7.0	1	0.95	0	1	20.0	0	1	1	0	laoniangjiu	4.91	4.0	22	24	1	0.821719816966	WIFI	iOS	apple	lt	app store	1	0
0078ec88-1c96-4ffa-8ae8-0f777d0324df	4c731033de1d3331d167c53f228700cb	b6ccfa8e9f04509f8b3670a4e95c3c8f	16	148	32.86666666666667	33.61888663511382	0.04417137559492174	0.010574532940254008	0.0	0.0	0.0	0.0	0.0	0.0	0.0	0.0	0.0	0.0	0.0	0.0	0.0	0.0	0.0	33.61888663511382	49	盖浇饭	5.0	0	0.93	0	1	20.0	0	0	1	1	non-brand	4.92	4.0	105	18	1	0.381832731276	WIFI	iOS	apple	dx	app store	0	0
00794885-43a6-4778-a015-59d4b86a932d	c7bbb7eeb6192515a3fa48f45b63496b	6af314146c82a2e70445bdb9325a2928	44	144	0.3333333333333333	36.68888888888889	0.042801659224814395	0.0011889349784670665	0.0	0.0	0.0	0.0	0.0	0.0	0.0	0.0	0.0	0.0	0.0	0.0	0.0	0.0	0.0	36.68888888888889	-3	奶茶果汁	0.0	0	0.94	0	0	25.0	0	0	0	0	non-brand	4.89	3.0	202	192	1	0.861112565564	WIFI	iOS	apple	dx	app store	0	0
007a7d8f-edca-49c4-9e0f-b12bd35a70e3	611f50ce04448858912d054c05ead89f	b6c2ff2e7a1d181eec7a05ab9adc5218	25	141	15.644444444444444	32.89962121212121	0.0532202641783046	0.013316099744648655	0.0	0.0	0.0	0.0	0.0	0.0	0.0	0.0	0.0	0.0	0.0	0.0	0.0	0.0	0.0	32.89962121212121	10	盖浇饭	0.0	1	0.94	0	1	0.0	0	1	0	0	furongxiang	4.9	4.0	97	75	1	0.133268272343	WIFI	iOS	apple	dx	app store	0	0
007a99ca-a592-4704-b448-1d15a78160d9	b1eb2fae5e51153091ee3e09fd4f04a1	b6ccfa8e9f04509f8b3670a4e95c3c8f	15	153	32.86666666666667	33.61888663511382	0.04417137559492174	0.010574532940254008	0.0	1.0	0.0	1.0	0.0	2.0	0.5	0.0	0.0	28.0	0.0	0.0	0.0	0.5	0.0	33.61888663511382	49	盖浇饭	5.0	0	0.93	0	1	20.0	0	0	1	1	non-brand	4.92	4.0	105	18	1	0.821719816966	WIFI	Android	Honor	dx	tengxun	0	0
007c27f4-8d5d-49a8-ae3d-093b77dab1f4	2da89606bc4b52c5df559d60241aec4a	b6c2ff2e7a1d181eec7a05ab9adc5218	2	148	15.644444444444444	32.89962121212121	0.0532202641783046	0.013316099744648655	0.0	0.0	0.0	0.0	0.0	1.0	1.0	0.0	0.0	19.0	0.0	0.0	0.0	0.0	0.0	32.89962121212121	10	盖浇饭	0.0	1	0.94	0	1	0.0	0	1	0	0	furongxiang	4.9	4.0	97	75	1	0.821719816966	WIFI	iOS	apple	dx	app store	0	0
007d3604-7198-41a7-b5f8-967059440661	523d41573b18ab093849d9ce2447646a	1e8803b0257f3ae9728bb4f41f1424cf	3	154	1.3407407407407408	132.9889502762431	0.04245197808153189	0.0021798036972361053	0.0	1.0	0.0	0.0	0.0	2.0	1.0	0.0	0.0	1.0	0.0	0.0	0.0	0.0	0.0	132.9889502762431	9	披萨意面	8.0	1	0.97	0	1	0.0	0	1	1	0	non-brand	4.96	4.0	142	129	0	0.0695346200845	WIFI	Android	HUAWEI	dx	eleme	0	0
007d80ac-2956-42a2-89ee-4d1e1092c0fc	6b87d3180ad9497d81be69c2d934ee77	386d1c85556bbfb4a89a4d412387d21b	45	149	5.074074074074074	24.99124087591241	0.023256054700642348	0.003545603710202539	0.28125	1.0	1.0	0.0	0.0	1.0	1.0	1.0	0.09375	44.0	44.0	1.0	27.0	0.0	0.0	-2.0087591240875895	4	麻辣烫	5.0	0	0.96	0	1	20.0	0	0	1	1	non-brand	4.91	3.0	135	51	1	0.418635065282	WIFI	iOS	apple	dx	app store	1	0
007e7fc6-d1cf-463a-935f-3f8bfcb7cad8	20dea91759a46ea9abfdace685cac747	b6ccfa8e9f04509f8b3670a4e95c3c8f	17	154	32.86666666666667	33.61888663511382	0.04417137559492174	0.010574532940254008	0.0	0.0	0.0	0.0	0.0	0.0	0.0	0.0	0.0	0.0	0.0	0.0	0.0	0.0	0.0	33.61888663511382	49	盖浇饭	5.0	0	0.93	0	1	20.0	0	0	1	1	non-brand	4.92	4.0	105	18	1	0.821719816966	UNKNOWN	iOS	apple	dx	app store	0	0
007e8869-c2e7-454b-b603-483da1a6dc10	426ce1d6f60eb0233653216acb79cd7c	386d1c85556bbfb4a89a4d412387d21b	40	142	5.074074074074074	24.99124087591241	0.023256054700642348	0.003545603710202539	0.0	0.0	0.0	0.0	0.0	1.0	0.0	0.0	0.0	61.0	0.0	0.0	0.0	0.0	0.0	24.99124087591241	4	麻辣烫	5.0	0	0.96	0	1	20.0	0	0	1	1	non-brand	4.91	3.0	135	51	1	0.830341735906	WIFI	iOS	apple	dx	app store	1	0
007effee-c7ce-4eb6-ad59-55e3bcad7684	acd36810a961147155629dc0f72296d5	156d2cd00d0d8cf6f27e1359de272630	35	146	1.288888888888889	44.39080459770115	0.0731244064577398	0.004590060145615701	0.0	0.0	0.0	0.0	0.0	0.0	0.0	0.0	0.0	0.0	0.0	0.0	0.0	0.0	0.0	44.39080459770115	-4	西餐	5.0	0	0.95	0	0	20.0	0	0	0	1	non-brand	4.93	4.0	28	29	1	0.810930501931	WIFI	iOS	apple	lt	app store	0	0
0080291f-58d5-461b-ae08-7139cd976a3b	c2862302c8e0646f7e84702f81422ef0	b6c2ff2e7a1d181eec7a05ab9adc5218	28	150	15.644444444444444	32.89962121212121	0.0532202641783046	0.013316099744648655	0.0	0.0	0.0	0.0	0.0	0.0	0.0	0.0	0.0	0.0	0.0	0.0	0.0	0.0	0.0	32.89962121212121	10	盖浇饭	0.0	1	0.94	0	1	0.0	0	1	0	0	furongxiang	4.9	4.0	97	75	1	0.381832731276	WIFI	Android	HONOR	OTHER	baidu	0	0
00806f46-5f36-4965-9f96-b2ac09756148	61f0b9eb1e69c255458d11838823db8a	108db6143b1058c90078023a58c68bc8	44	147	22.674074074074074	33.347598823913756	0.06829713153101863	0.008067980843487497	0.20270270270270271	0.5	0.0	0.5	1.0	2.0	1.0	1.0	0.07432432432432433	33.0	68.0	1.0	121.0	0.0	0.0	-87.65240117608624	15	盖浇饭	0.0	0	0.91	0	1	0.0	0	1	1	0	non-brand	4.91	2.0	103	92	1	0.381832731276	WIFI	Android	samsung	dx	baidu	0	0
00815905-dd8a-437e-bf8f-83c4196da7e3	a4c5cf2b341869ba35cf19af161d939c	108db6143b1058c90078023a58c68bc8	45	141	22.674074074074074	33.347598823913756	0.06829713153101863	0.008067980843487497	0.0	1.0	0.0	0.6	0.0	5.0	1.0	0.0	0.0	19.0	0.0	0.0	0.0	0.0	0.0	33.347598823913756	15	盖浇饭	0.0	0	0.91	0	1	0.0	0	1	1	0	non-brand	4.91	2.0	103	92	1	0.0513287109204	WIFI	iOS	apple	yd	app store	0	0
0081d85b-ddea-4ada-894d-6c4c43a715eb	e40d8f589a8a01be23ec3e44d7b6d4bd	156d2cd00d0d8cf6f27e1359de272630	39	150	1.288888888888889	44.39080459770115	0.0731244064577398	0.004590060145615701	0.0	1.0	0.0	0.0	0.0	5.0	1.0	0.0	0.0	14.0	0.0	0.0	0.0	0.0	0.0	44.39080459770115	-4	西餐	5.0	0	0.95	0	0	20.0	0	0	0	1	non-brand	4.93	4.0	28	29	1	0.810930501931	WIFI	iOS	apple	dx	app store	0	0
0081dff6-ced4-4236-9f3d-91f4b4bf05be	5aaf2ad4796de18cc65c018711c7a35e	b6c2ff2e7a1d181eec7a05ab9adc5218	28	152	15.644444444444444	32.89962121212121	0.0532202641783046	0.013316099744648655	0.0	0.0	0.0	0.0	0.0	0.0	0.0	0.0	0.0	0.0	0.0	0.0	0.0	0.0	0.0	32.89962121212121	10	盖浇饭	0.0	1	0.94	0	1	0.0	0	1	0	0	furongxiang	4.9	4.0	97	75	1	0.381832731276	UNKNOWN	iOS	apple	yd	app store	0	0
00827637-337d-4ce9-acd7-02ab60ebd33a	c26da93ffdfe6d97c6cf4d6953f07331	594c44160a08a93379087aba4bcdae0c	7	144	1.962962962962963	39.88301886792453	0.038142914100917025	0.003913229669664348	0.3446236559139785	0.45	0.5	0.0	0.0	20.0	0.8	0.5	0.016666666666666666	2.0	7.0	2.0	22.0	0.0	0.0	17.883018867924527	28	甜品	0.0	0	0.96	0	1	30.0	0	0	1	1	non-brand	4.96	4.0	76	70	1	0.788216653311	WIFI	iOS	apple	dx	app store	0	0
0082d503-7848-4329-8a3b-bf19ab656407	ba9d0d131355487db0a0ed2448d56027	26fa0b005d0d3fb742cd3daa7ddc6da3	2	141	24.05185185185185	38.25962426855559	0.059132708613007186	0.014198321738255885	0.0	0.0	0.0	0.0	0.0	0.0	0.0	0.0	0.0	0.0	0.0	0.0	0.0	0.0	0.0	38.25962426855559	9	盖浇饭	7.0	1	0.95	0	1	20.0	0	1	1	0	laoniangjiu	4.91	4.0	22	24	1	0.381832731276	WIFI	iOS	apple	dx	app store	0	0
00835dba-7147-4904-b821-fcfaf90fc8bc	0aee8cf009170465c1cd25205574a629	156d2cd00d0d8cf6f27e1359de272630	17	149	1.288888888888889	44.39080459770115	0.0731244064577398	0.004590060145615701	0.0	1.0	0.0	0.0	0.0	1.0	1.0	0.0	0.0	43.0	0.0	0.0	0.0	0.0	0.0	44.39080459770115	-4	西餐	5.0	0	0.95	0	0	20.0	0	0	0	1	non-brand	4.93	4.0	28	29	1	0.0876912626913	WIFI	Android	samsung	dx	tengxun	0	0
00837f69-0dac-425c-8992-11f056f33849	7ed16fda063ea481aeba10ab9ade1fd1	26fa0b005d0d3fb742cd3daa7ddc6da3	12	152	24.05185185185185	38.25962426855559	0.059132708613007186	0.014198321738255885	0.0	0.0625	0.0	0.1875	0.0	16.0	0.75	0.0	0.0	12.0	0.0	0.0	0.0	0.0625	0.0	38.25962426855559	9	盖浇饭	7.0	1	0.95	0	1	20.0	0	1	1	0	laoniangjiu	4.91	4.0	22	24	1	0.821719816966	4G	iOS	apple	lt	app store	1	0
008462df-c25f-4165-8b04-7f57dd8f2a9e	3846c1e99d394fed04828ca88b027cdd	b6ccfa8e9f04509f8b3670a4e95c3c8f	17	147	32.86666666666667	33.61888663511382	0.04417137559492174	0.010574532940254008	0.0	0.75	0.0	0.75	0.0	4.0	0.75	0.0	0.0	2.0	0.0	0.0	0.0	0.0	0.0	33.61888663511382	49	盖浇饭	5.0	0	0.93	0	1	20.0	0	0	1	1	non-brand	4.92	4.0	105	18	1	0.381832731276	WIFI	iOS	apple	dx	app store	0	0
008496dd-3e18-41ae-97fb-cd42f116d9e1	8fbef5bc7f24eee093bf927ccc4a340a	386d1c85556bbfb4a89a4d412387d21b	18	141	5.074074074074074	24.99124087591241	0.023256054700642348	0.003545603710202539	0.33035714285714285	0.5	0.5	0.0	0.0	4.0	0.5	0.5	0.026785714285714288	9.0	70.0	2.0	25.0	0.0	0.0	-0.008759124087589498	4	麻辣烫	5.0	0	0.96	0	1	20.0	0	0	1	1	non-brand	4.91	3.0	135	51	1	0.830341735906	WIFI	iOS	apple	dx	app store	1	0
0085518a-5720-479c-846d-7f7d5128274c	2b1d89845ce59a0a7fcaee605839ee30	26fa0b005d0d3fb742cd3daa7ddc6da3	1	147	24.05185185185185	38.25962426855559	0.059132708613007186	0.014198321738255885	0.0	0.0	0.0	0.0	0.0	0.0	0.0	0.0	0.0	0.0	0.0	0.0	0.0	0.0	0.0	38.25962426855559	9	盖浇饭	7.0	1	0.95	0	1	20.0	0	1	1	0	laoniangjiu	4.91	4.0	22	24	1	0.133268272343	WIFI	Android	vivo	dx	vivo	0	0
0085c09e-d4e4-4c25-a775-84b020125b01	42f4c708a69e9a9d211c6d6d79e39865	b6c2ff2e7a1d181eec7a05ab9adc5218	1	148	15.644444444444444	32.89962121212121	0.0532202641783046	0.013316099744648655	0.0	0.0	0.0	0.5	0.0	2.0	1.0	0.0	0.0	2.0	0.0	0.0	0.0	0.0	0.0	32.89962121212121	10	盖浇饭	0.0	1	0.94	0	1	0.0	0	1	0	0	furongxiang	4.9	4.0	97	75	1	0.381832731276	4G	Android	Meizu	yd	meizu	0	0
0085c4b4-0d47-44f5-b1ad-b9fc960e801d	9f922ad07450036af377a9ffe09d6d77	386d1c85556bbfb4a89a4d412387d21b	33	142	5.074074074074074	24.99124087591241	0.023256054700642348	0.003545603710202539	0.0	1.0	0.0	0.16666666666666666	0.0	6.0	1.0	0.0	0.0	4.0	0.0	0.0	0.0	0.16666666666666666	0.0	24.99124087591241	4	麻辣烫	5.0	0	0.96	0	1	20.0	0	0	1	1	non-brand	4.91	3.0	135	51	1	0.830341735906	WIFI	iOS	apple	dx	app store	1	1
0086c78c-5e47-437c-a186-d74747e82333	d9ef65d2df78d79fbc95684f2257c864	4717862de65cc6500ebdb7eca3ced2d4	22	143	0.0	0.0	0.0	0.0	0.0	0.0	0.0	0.0	0.0	0.0	0.0	0.0	0.0	0.0	0.0	0.0	0.0	0.0	0.0	0.0	-5	川湘菜	5.0	0	0.67	0	0	20.0	0	0	0	1	non-brand	4.33	0.0	63	62	0	0.375905728015	WIFI	iOS	apple	dx	app store	0	0
00872299-adbe-4f0c-a300-35fa21743a60	cf6761564ffefc5e1ca4a29e05eb4ccd	26fa0b005d0d3fb742cd3daa7ddc6da3	10	153	24.05185185185185	38.25962426855559	0.059132708613007186	0.014198321738255885	0.0	1.0	0.0	1.0	0.0	1.0	1.0	0.0	0.0	7.0	0.0	0.0	0.0	1.0	0.0	38.25962426855559	9	盖浇饭	7.0	1	0.95	0	1	20.0	0	1	1	0	laoniangjiu	4.91	4.0	22	24	1	0.381832731276	WIFI	iOS	apple	dx	app store	0	0
008889ae-0aa4-441f-82c8-742445fb5853	7145d758f33910c94f3476f44ab1fec1	b6ccfa8e9f04509f8b3670a4e95c3c8f	17	141	32.86666666666667	33.61888663511382	0.04417137559492174	0.010574532940254008	0.0	0.0	0.0	0.0	0.0	0.0	0.0	0.0	0.0	0.0	0.0	0.0	0.0	0.0	0.0	33.61888663511382	49	盖浇饭	5.0	0	0.93	0	1	20.0	0	0	1	1	non-brand	4.92	4.0	105	18	1	0.821719816966	WIFI	iOS	apple	dx	app store	0	0
0088f183-3383-4722-8edf-a154a85df465	a73701f3df743a05b6c6fe83ad6c70ba	b6ccfa8e9f04509f8b3670a4e95c3c8f	15	152	32.86666666666667	33.61888663511382	0.04417137559492174	0.010574532940254008	0.35294117647058826	1.0	1.0	0.5	1.0	2.0	0.5	1.0	0.11764705882352941	0.0	0.0	1.0	22.0	0.5	1.0	11.618886635113817	49	盖浇饭	5.0	0	0.93	0	1	20.0	0	0	1	1	non-brand	4.92	4.0	105	18	1	0.821719816966	WIFI	iOS	apple	OTHER	app store	0	0
0088fd18-f0c3-4446-b058-5891c03a8771	66ec066735cedd65c76d161e1d74ff1b	b6ccfa8e9f04509f8b3670a4e95c3c8f	47	146	32.86666666666667	33.61888663511382	0.04417137559492174	0.010574532940254008	0.0	1.0	0.0	1.0	0.0	5.0	1.0	0.0	0.0	8.0	0.0	0.0	0.0	0.6	0.0	33.61888663511382	49	盖浇饭	5.0	0	0.93	0	1	20.0	0	0	1	1	non-brand	4.92	4.0	105	18	1	0.133268272343	WIFI	iOS	apple	dx	app store	0	0
0088fedb-67e0-4a9c-b527-bb73db00819b	92b1dd398c38b0f9e6eebbc4e6fa3963	386d1c85556bbfb4a89a4d412387d21b	49	149	5.074074074074074	24.99124087591241	0.023256054700642348	0.003545603710202539	0.0	0.0	0.0	0.0	0.0	0.0	0.0	0.0	0.0	0.0	0.0	0.0	0.0	0.0	0.0	24.99124087591241	4	麻辣烫	5.0	0	0.96	0	1	20.0	0	0	1	1	non-brand	4.91	3.0	135	51	1	0.0554990516029	WIFI	iOS	apple	dx	app store	0	0
00898154-a062-48b2-a767-b9011b3aa721	c58ae76397e3853c89503e42e9baa244	b6ccfa8e9f04509f8b3670a4e95c3c8f	13	148	32.86666666666667	33.61888663511382	0.04417137559492174	0.010574532940254008	0.0	0.0	0.0	1.0	0.0	1.0	0.0	0.0	0.0	0.0	0.0	0.0	0.0	0.0	0.0	33.61888663511382	49	盖浇饭	5.0	0	0.93	0	1	20.0	0	0	1	1	non-brand	4.92	4.0	105	18	1	0.821719816966	WIFI	iOS	apple	dx	app store	0	0
008a44bf-1455-45a5-88b9-db048a732ba6	0b801f3ee7957fda2bb449e4ef8bf756	594c44160a08a93379087aba4bcdae0c	20	151	1.962962962962963	39.88301886792453	0.038142914100917025	0.003913229669664348	0.0	0.75	0.0	0.0	0.0	4.0	0.5	0.0	0.0	8.0	0.0	0.0	0.0	0.0	0.0	39.88301886792453	28	甜品	0.0	0	0.96	0	1	30.0	0	0	1	1	non-brand	4.96	4.0	76	70	1	0.788216653311	WIFI	iOS	apple	dx	app store	0	0
008be286-21c3-400d-a219-6dd7fe63329b	96439b6e096a9aa5dc335b3a388790d4	26fa0b005d0d3fb742cd3daa7ddc6da3	2	146	24.05185185185185	38.25962426855559	0.059132708613007186	0.014198321738255885	0.0	0.0	0.0	0.0	0.0	0.0	0.0	0.0	0.0	0.0	0.0	0.0	0.0	0.0	0.0	38.25962426855559	9	盖浇饭	7.0	1	0.95	0	1	20.0	0	1	1	0	laoniangjiu	4.91	4.0	22	24	1	0.309655926955	WIFI	Android	samsung	OTHER	tengxun	0	0
008c1b37-b572-4803-a5d7-2284fc86c44d	df650f0dd3d5faa23a8dac4fad6232e4	6af314146c82a2e70445bdb9325a2928	28	152	0.3333333333333333	36.68888888888889	0.042801659224814395	0.0011889349784670665	0.0	0.0	0.0	0.0	0.0	0.0	0.0	0.0	0.0	0.0	0.0	0.0	0.0	0.0	0.0	36.68888888888889	-3	奶茶果汁	0.0	0	0.94	0	0	25.0	0	0	0	0	non-brand	4.89	3.0	202	192	1	0.861112565564	WIFI	iOS	apple	dx	app store	0	0
008c36c2-10ab-4436-beaa-4ba28156d4aa	b3d43e6f77ba63faf82b9142bb5b9dd5	1e8803b0257f3ae9728bb4f41f1424cf	1	151	1.3407407407407408	132.9889502762431	0.04245197808153189	0.0021798036972361053	0.0	0.5	0.0	0.0	0.0	2.0	1.0	0.0	0.0	14.0	0.0	0.0	0.0	0.0	0.0	132.9889502762431	9	披萨意面	8.0	1	0.97	0	1	0.0	0	1	1	0	non-brand	4.96	4.0	142	129	0	0.508240118198	4G	iOS	apple	yd	app store	0	0
008d7401-7c5e-4763-a49f-b08b72d5bda0	087151500128b950a2be858083aad176	0be1dbfce4ea5351e9b31147ccff2690	0	147	0.3851851851851852	40.63461538461539	0.013753420812574557	0.0018244333730966249	0.0	0.0	0.0	0.0	0.0	0.0	0.0	0.0	0.0	0.0	0.0	0.0	0.0	0.0	0.0	40.63461538461539	9	鸭脖卤味	0.0	1	0.9	0	1	30.0	0	1	0	0	non-brand	4.99	3.0	111	108	1	0.758100018832	WIFI	Android	Xiaomi	dx	xiaomi	0	0
008dac09-5b44-4623-aa44-c44187ef54c8	ca818c224ed4ae195418462929854db7	386d1c85556bbfb4a89a4d412387d21b	30	143	5.074074074074074	24.99124087591241	0.023256054700642348	0.003545603710202539	0.0	0.0	0.0	0.0	0.0	0.0	0.0	0.0	0.0	0.0	0.0	0.0	0.0	0.0	0.0	24.99124087591241	4	麻辣烫	5.0	0	0.96	0	1	20.0	0	0	1	1	non-brand	4.91	3.0	135	51	1	0.830341735906	WIFI	Android	Xiaomi	dx	xiaomi	1	0
008f6114-7529-4c08-88bc-0e6668bc17ea	a735caefd75d7e7aafdca3524d40e1ce	386d1c85556bbfb4a89a4d412387d21b	41	141	5.074074074074074	24.99124087591241	0.023256054700642348	0.003545603710202539	0.0	0.0	0.0	0.0	0.0	0.0	0.0	0.0	0.0	0.0	0.0	0.0	0.0	0.0	0.0	24.99124087591241	4	麻辣烫	5.0	0	0.96	0	1	20.0	0	0	1	1	non-brand	4.91	3.0	135	51	1	0.830341735906	WIFI	iOS	apple	dx	app store	0	0
008fc174-cffe-4600-a249-4e2c089895dc	f95c3949a2a9a2893cd799ba41c9728e	156d2cd00d0d8cf6f27e1359de272630	44	152	1.288888888888889	44.39080459770115	0.0731244064577398	0.004590060145615701	0.0	0.0	0.0	0.0	0.0	1.0	1.0	0.0	0.0	41.0	0.0	0.0	0.0	0.0	0.0	44.39080459770115	-4	西餐	5.0	0	0.95	0	0	20.0	0	0	0	1	non-brand	4.93	4.0	28	29	1	0.455378419895	4G	iOS	apple	yd	app store	0	0
00903982-0055-42b9-9aa0-203cc5177dba	eb975168f9f5a087a41b1893483ef479	1ba4e05dabdab7fdc0b529aedc5b6862	34	150	0.1925925925925926	36.23076923076923	0.022780190044679377	0.0016361462463029388	0.0	0.5555555555555556	0.0	0.2222222222222222	0.0	9.0	0.7777777777777778	0.0	0.0	10.0	0.0	0.0	0.0	0.0	0.0	36.23076923076923	9	盖浇饭	0.0	0	0.94	0	1	20.0	0	0	0	0	non-brand	4.83	4.0	98	82	1	0.00375787277943	WIFI	iOS	apple	dx	app store	1	0
009099e1-7b2d-495f-a8a9-15687eb6f56c	c0ad07bde6bf43d623cdc7864b269d05	b6ccfa8e9f04509f8b3670a4e95c3c8f	16	141	32.86666666666667	33.61888663511382	0.04417137559492174	0.010574532940254008	0.0	1.0	0.0	0.0	0.0	1.0	1.0	0.0	0.0	12.0	0.0	0.0	0.0	0.0	0.0	33.61888663511382	49	盖浇饭	5.0	0	0.93	0	1	20.0	0	0	1	1	non-brand	4.92	4.0	105	18	1	0.309655926955	WIFI	iOS	apple	dx	app store	0	0
0090f6b0-c6b4-4c96-90fb-caf14bf63289	9cf5a4dcee868bfff8389fa16b72273c	594c44160a08a93379087aba4bcdae0c	26	154	1.962962962962963	39.88301886792453	0.038142914100917025	0.003913229669664348	0.0	1.0	0.0	0.0	0.0	3.0	1.0	0.0	0.0	8.0	0.0	0.0	0.0	0.0	0.0	39.88301886792453	28	甜品	0.0	0	0.96	0	1	30.0	0	0	1	1	non-brand	4.96	4.0	76	70	1	0.788216653311	WIFI	Android	OPPO	dx	eleme	1	0
009286e1-d6f8-452d-b17d-6c1ca8523e5a	e8ff86124b4fe349f80507bdf74ccb8f	26fa0b005d0d3fb742cd3daa7ddc6da3	2	147	24.05185185185185	38.25962426855559	0.059132708613007186	0.014198321738255885	0.0	0.0	0.0	0.0	0.0	1.0	0.0	0.0	0.0	34.0	0.0	0.0	0.0	0.0	0.0	38.25962426855559	9	盖浇饭	7.0	1	0.95	0	1	20.0	0	1	1	0	laoniangjiu	4.91	4.0	22	24	1	0.821719816966	4G	iOS	apple	yd	app store	0	0
0092da7c-0052-4a9f-a22c-6cfb315d8268	12472e9681459897a2f967bb11903512	108db6143b1058c90078023a58c68bc8	19	153	22.674074074074074	33.347598823913756	0.06829713153101863	0.008067980843487497	0.0	1.0	0.0	0.0	0.0	1.0	1.0	0.0	0.0	21.0	0.0	0.0	0.0	0.0	0.0	33.347598823913756	15	盖浇饭	0.0	0	0.91	0	1	0.0	0	1	1	0	non-brand	4.91	2.0	103	92	1	0.821719816966	WIFI	iOS	apple	dx	app store	0	0
00932ac5-1577-4d94-9b84-7850b9b65337	a5fbbc7b2f4502ef8c511f6336a72e2c	594c44160a08a93379087aba4bcdae0c	28	146	1.962962962962963	39.88301886792453	0.038142914100917025	0.003913229669664348	0.0	0.0	0.0	0.0	0.0	0.0	0.0	0.0	0.0	0.0	0.0	0.0	0.0	0.0	0.0	39.88301886792453	28	甜品	0.0	0	0.96	0	1	30.0	0	0	1	1	non-brand	4.96	4.0	76	70	1	0.788216653311	WIFI	iOS	apple	dx	app store	0	0
0093483c-2e42-49ad-b546-40eb975c5d87	3860f26489bded97c220dda4c832e6ce	156d2cd00d0d8cf6f27e1359de272630	34	146	1.288888888888889	44.39080459770115	0.0731244064577398	0.004590060145615701	0.4117647058823529	0.25	1.0	0.0	0.0	4.0	1.0	1.0	0.11764705882352941	1.0	1.0	1.0	22.0	0.0	0.0	22.39080459770115	-4	西餐	5.0	0	0.95	0	0	20.0	0	0	0	1	non-brand	4.93	4.0	28	29	1	0.369091211027	4G	Android	HONOR	yd	huawei	0	0
009495e5-877a-4eb8-863f-f0147e374803	db15703f82654c057635bdc2dbde38fd	b6ccfa8e9f04509f8b3670a4e95c3c8f	22	153	32.86666666666667	33.61888663511382	0.04417137559492174	0.010574532940254008	0.0	1.0	0.0	0.5	0.0	2.0	0.0	0.0	0.0	30.0	0.0	0.0	0.0	0.0	0.0	33.61888663511382	49	盖浇饭	5.0	0	0.93	0	1	20.0	0	0	1	1	non-brand	4.92	4.0	105	18	1	0.821719816966	WIFI	iOS	apple	OTHER	app store	0	0
0094dbf4-0bae-4534-ad5a-28f9bb38d391	f327e06a265593862c16b40844474508	386d1c85556bbfb4a89a4d412387d21b	30	142	5.074074074074074	24.99124087591241	0.023256054700642348	0.003545603710202539	0.0	0.8	0.0	0.06666666666666667	0.0	15.0	0.8	0.0	0.0	2.0	0.0	0.0	0.0	0.0	0.0	24.99124087591241	4	麻辣烫	5.0	0	0.96	0	1	20.0	0	0	1	1	non-brand	4.91	3.0	135	51	1	0.479279762202	WIFI	iOS	apple	lt	app store	1	1
00956678-b40a-4a87-9e60-f0cf64a4d308	9c95e119e517b6f5eb6d7b9966f9d937	b6c2ff2e7a1d181eec7a05ab9adc5218	35	153	15.644444444444444	32.89962121212121	0.0532202641783046	0.013316099744648655	0.0	0.0	0.0	0.0	0.0	0.0	0.0	0.0	0.0	0.0	0.0	0.0	0.0	0.0	0.0	32.89962121212121	10	盖浇饭	0.0	1	0.94	0	1	0.0	0	1	0	0	furongxiang	4.9	4.0	97	75	1	0.309655926955	WIFI	Android	Meizu	dx	meizu	0	0
0095ab91-b9c2-4fab-b7ff-91713518e76b	55d798ff13c48328d54274ca59532577	26fa0b005d0d3fb742cd3daa7ddc6da3	1	148	24.05185185185185	38.25962426855559	0.059132708613007186	0.014198321738255885	0.0	0.0	0.0	0.0	0.0	1.0	0.0	0.0	0.0	13.0	0.0	0.0	0.0	0.0	0.0	38.25962426855559	9	盖浇饭	7.0	1	0.95	0	1	20.0	0	1	1	0	laoniangjiu	4.91	4.0	22	24	1	0.309655926955	WIFI	iOS	apple	yd	app store	0	0
0096137f-9647-4766-8e0e-b28e42a13cea	21c50456232cf44df3a113f26969afb9	386d1c85556bbfb4a89a4d412387d21b	22	142	5.074074074074074	24.99124087591241	0.023256054700642348	0.003545603710202539	0.0	1.0	0.0	0.0	0.0	2.0	0.0	0.0	0.0	12.0	0.0	0.0	0.0	0.0	0.0	24.99124087591241	4	麻辣烫	5.0	0	0.96	0	1	20.0	0	0	1	1	non-brand	4.91	3.0	135	51	1	0.119428546937	WIFI	iOS	apple	dx	app store	1	0